task_id,patient_id,phase,z_index,slice_id,batch_index,updated,pool_size_before,pool_size_after,graph_count,current_graph_count,sampled_nodes,foreground_pixels,reliable_pixels,graph_loss,commonality_loss,total_loss,detach_backbone
31,A1K2P5,ED,0,A1K2P5_ED_slice000,1,False,0,0,0,0,0,0,0,,,,False
31,A1K2P5,ED,1,A1K2P5_ED_slice001,2,False,0,0,0,0,0,0,0,,,,False
31,A1K2P5,ED,2,A1K2P5_ED_slice002,3,False,0,0,0,0,0,0,0,,,,False
31,A1K2P5,ED,3,A1K2P5_ED_slice003,4,False,0,1,1,1,11,2298,1149,,,,False
31,A1K2P5,ED,4,A1K2P5_ED_slice004,5,True,1,2,2,1,11,2752,1376,1.0762087106704712,0.005967438220977783,1.0774022340774536,False
31,A1K2P5,ED,5,A1K2P5_ED_slice005,6,True,2,3,3,1,11,2187,1093,0.0010466848034411669,0.1339687556028366,0.02784043736755848,False
31,A1K2P5,ED,6,A1K2P5_ED_slice006,7,True,3,3,4,1,10,2161,1080,0.0007462314097210765,0.059948526322841644,0.012735936790704727,False
31,A1K2P5,ED,7,A1K2P5_ED_slice007,8,True,3,3,4,1,11,1352,676,0.0009576016454957426,0.0012235641479492188,0.0012023145100101829,False
31,A1K2P5,ED,8,A1K2P5_ED_slice008,9,True,3,3,4,1,11,1647,823,0.00982863549143076,7.450580596923828e-09,0.009828637354075909,False
31,A1K2P5,ED,9,A1K2P5_ED_slice009,10,True,3,3,4,1,10,1260,630,0.000663566985167563,0.0,0.000663566985167563,False
31,A1K2P5,ED,10,A1K2P5_ED_slice010,11,True,3,3,4,1,11,542,271,0.000670979730784893,3.4011900424957275e-05,0.0006777821108698845,False
31,A1K2P5,ED,11,A1K2P5_ED_slice011,12,True,3,3,4,1,13,76,38,0.0006066252826713026,4.1112303733825684e-05,0.0006148477550595999,False
31,A1K2P5,ED,12,A1K2P5_ED_slice012,13,True,3,3,3,0,0,0,0,0.000689863576553762,1.727210110402666e-05,0.0006933179683983326,False
31,A1K2P5,ED,13,A1K2P5_ED_slice013,14,True,3,3,3,0,0,0,0,0.0007404536590911448,6.159146778372815e-06,0.0007416855078190565,False
31,A1K2P5,ES,0,A1K2P5_ES_slice000,15,True,3,3,3,0,0,0,0,0.0007759948493912816,1.0795063190016663e-06,0.0007762107416056097,False
31,A1K2P5,ES,1,A1K2P5_ES_slice001,16,True,3,3,3,0,0,0,0,0.0007982125389389694,-1.059638137235197e-07,0.0007981913513503969,False
31,A1K2P5,ES,2,A1K2P5_ES_slice002,17,True,3,3,3,0,0,0,0,0.0008112695650197566,-6.622738357719982e-09,0.0008112682262435555,False
31,A1K2P5,ES,3,A1K2P5_ES_slice003,18,True,3,3,3,0,0,0,0,0.0008183222962543368,-7.947286206899662e-08,0.0008183064055629075,False
31,A1K2P5,ES,4,A1K2P5_ES_slice004,19,True,3,3,4,1,11,1479,739,0.0006278461078181863,1.1175870895385742e-08,0.000627848319709301,False
31,A1K2P5,ES,5,A1K2P5_ES_slice005,20,True,3,3,4,1,11,1948,974,0.00961800292134285,-2.60770320892334e-08,0.009617997333407402,False
31,A1K2P5,ES,6,A1K2P5_ES_slice006,21,True,3,3,4,1,11,1909,954,9.096202120417729e-05,1.1920928955078125e-07,9.098586451727897e-05,False
31,A1K2P5,ES,7,A1K2P5_ES_slice007,22,True,3,3,4,1,11,1613,806,0.04883169010281563,-5.21540641784668e-08,0.04883167892694473,False
31,A1K2P5,ES,8,A1K2P5_ES_slice008,23,True,3,3,4,1,11,1244,622,0.0455566830933094,2.2351741790771484e-08,0.0455566868185997,False
31,A1K2P5,ES,9,A1K2P5_ES_slice009,24,True,3,3,4,1,11,867,433,0.0392845943570137,-1.1920928955078125e-07,0.03928457200527191,False
31,A1K2P5,ES,10,A1K2P5_ES_slice010,25,True,3,3,4,1,11,453,226,0.22378696501255035,-7.450580596923828e-09,0.22378696501255035,False
31,A1K2P5,ES,11,A1K2P5_ES_slice011,26,True,3,3,4,1,11,163,81,0.030494514852762222,-5.587935447692871e-08,0.030494503676891327,False
31,A1K2P5,ES,12,A1K2P5_ES_slice012,27,True,3,3,3,0,0,0,0,0.011272862553596497,0.0,0.011272862553596497,False
31,A1K2P5,ES,13,A1K2P5_ES_slice013,28,True,3,3,3,0,0,0,0,0.011272083967924118,-1.3245476715439963e-08,0.011272081173956394,False
31,A3P9V7,ED,0,A3P9V7_ED_slice000,29,True,3,3,4,1,8,17,8,0.009069330058991909,-5.960464477539063e-08,0.009069317951798439,False
31,A3P9V7,ED,1,A3P9V7_ED_slice001,30,True,3,3,3,0,0,0,0,0.0009216627804562449,0.0,0.0009216627804562449,False
31,A3P9V7,ED,2,A3P9V7_ED_slice002,31,True,3,3,4,1,11,2493,1246,0.01960003189742565,0.0,0.01960003189742565,False
31,A3P9V7,ED,3,A3P9V7_ED_slice003,32,True,3,3,4,1,11,2539,1269,0.000876270467415452,5.960464477539063e-08,0.0008762823999859393,False
31,A3P9V7,ED,4,A3P9V7_ED_slice004,33,True,3,3,4,1,11,2323,1161,0.003363687312230468,-5.21540641784668e-08,0.0033636768348515034,False
31,A3P9V7,ED,5,A3P9V7_ED_slice005,34,True,3,3,4,1,11,2152,1076,0.003842422040179372,1.862645149230957e-08,0.0038424257654696703,False
31,A3P9V7,ED,6,A3P9V7_ED_slice006,35,True,3,3,4,1,11,1602,801,0.0038792577106505632,3.3527612686157227e-08,0.003879264462739229,False
31,A3P9V7,ED,7,A3P9V7_ED_slice007,36,True,3,3,4,1,11,1067,533,0.003078255569562316,0.0,0.003078255569562316,False
31,A3P9V7,ED,8,A3P9V7_ED_slice008,37,True,3,3,4,1,10,520,260,0.003042768221348524,3.725290298461914e-09,0.003042768919840455,False
31,A3P9V7,ED,9,A3P9V7_ED_slice009,38,True,3,3,3,0,0,0,0,0.003982432186603546,-4.635916894812908e-08,0.0039824228733778,False
31,A3P9V7,ED,10,A3P9V7_ED_slice010,39,True,3,3,3,0,0,0,0,0.0038296417333185673,-6.622738624173508e-08,0.003829628461971879,False
31,A3P9V7,ED,11,A3P9V7_ED_slice011,40,True,3,3,3,0,0,0,0,0.0036572401877492666,1.9868215517249155e-08,0.0036572441458702087,False
31,A3P9V7,ES,0,A3P9V7_ES_slice000,41,True,3,3,3,0,0,0,0,0.0034701735712587833,0.0,0.0034701735712587833,False
31,A3P9V7,ES,1,A3P9V7_ES_slice001,42,True,3,3,3,0,0,0,0,0.003271097782999277,-5.298190686175985e-08,0.003271087072789669,False
31,A3P9V7,ES,2,A3P9V7_ES_slice002,43,True,3,3,4,1,11,715,357,0.0022836425341665745,3.3527612686157227e-08,0.0022836492862552404,False
31,A3P9V7,ES,3,A3P9V7_ES_slice003,44,True,3,3,4,1,11,2222,1111,0.014745748601853848,0.0,0.014745748601853848,False
31,A3P9V7,ES,4,A3P9V7_ES_slice004,45,True,3,3,4,1,11,1851,925,0.00287230615504086,4.470348358154297e-08,0.002872315002605319,False
31,A3P9V7,ES,5,A3P9V7_ES_slice005,46,True,3,3,4,1,11,1579,789,0.0014375164173543453,3.725290298461914e-09,0.0014375171158462763,False
31,A3P9V7,ES,6,A3P9V7_ES_slice006,47,True,3,3,4,1,11,1330,665,0.001825515879318118,-1.043081283569336e-07,0.001825495040975511,False
31,A3P9V7,ES,7,A3P9V7_ES_slice007,48,True,3,3,4,1,11,756,378,0.0013692638603970408,7.82310962677002e-08,0.0013692794600501657,False
31,A3P9V7,ES,8,A3P9V7_ES_slice008,49,True,3,3,4,1,11,322,161,0.0015730983577668667,-6.332993507385254e-08,0.0015730856684967875,False
31,A3P9V7,ES,9,A3P9V7_ES_slice009,50,True,3,3,3,0,0,0,0,0.0022166315466165543,-1.1920928955078125e-07,0.0022166077978909016,False
31,A3P9V7,ES,10,A3P9V7_ES_slice010,51,True,3,3,3,0,0,0,0,0.002100192243233323,-6.622738357719982e-09,0.002100190846249461,False
31,A3P9V7,ES,11,A3P9V7_ES_slice011,52,True,3,3,3,0,0,0,0,0.0020190346986055374,2.6490953430879927e-08,0.0020190400537103415,False
31,A4B9O6,ED,0,A4B9O6_ED_slice000,53,True,3,3,3,0,0,0,0,0.001956864958629012,1.059638137235197e-07,0.0019568861462175846,False
31,A4B9O6,ED,1,A4B9O6_ED_slice001,54,True,3,3,3,0,0,0,0,0.0019088124390691519,-1.1920928955078125e-07,0.0019087885739281774,False
31,A4B9O6,ED,2,A4B9O6_ED_slice002,55,True,3,3,4,1,11,349,174,0.0014053453924134374,1.1920928955078125e-07,0.0014053692575544119,False
31,A4B9O6,ED,3,A4B9O6_ED_slice003,56,True,3,3,4,1,11,895,447,0.026435554027557373,1.862645149230957e-08,0.02643555775284767,False
31,A4B9O6,ED,4,A4B9O6_ED_slice004,57,True,3,3,4,1,11,1276,638,0.000478493922855705,1.862645149230957e-08,0.0004784976481460035,False
31,A4B9O6,ED,5,A4B9O6_ED_slice005,58,True,3,3,4,1,11,1527,763,0.0003165288653690368,0.0,0.0003165288653690368,False
31,A4B9O6,ED,6,A4B9O6_ED_slice006,59,True,3,3,4,1,11,1484,742,0.000287491682684049,6.332993507385254e-08,0.0002875043428502977,False
31,A4B9O6,ED,7,A4B9O6_ED_slice007,60,True,3,3,4,1,11,1890,945,0.0015628706896677613,9.313225746154785e-08,0.0015628893161192536,False
31,A4B9O6,ED,8,A4B9O6_ED_slice008,61,True,3,3,4,1,11,996,498,0.0015223253285512328,-7.450580596923828e-09,0.001522323815152049,False
31,A4B9O6,ED,9,A4B9O6_ED_slice009,62,True,3,3,4,1,11,23,11,0.0015456853434443474,-2.9802322387695312e-08,0.0015456794062629342,False
31,A4B9O6,ED,10,A4B9O6_ED_slice010,63,True,3,3,4,1,15,31,15,0.007082576863467693,0.0,0.007082576863467693,False
31,A4B9O6,ES,0,A4B9O6_ES_slice000,64,True,3,3,3,0,0,0,0,0.023998882621526718,-6.622738357719982e-09,0.02399888075888157,False
31,A4B9O6,ES,1,A4B9O6_ES_slice001,65,True,3,3,3,0,0,0,0,0.010168961249291897,-1.1920928955078125e-07,0.010168937034904957,False
31,A4B9O6,ES,2,A4B9O6_ES_slice002,66,True,3,3,3,0,0,0,0,0.0055932821705937386,3.311369312086754e-08,0.005593288689851761,False
31,A4B9O6,ES,3,A4B9O6_ES_slice003,67,True,3,3,4,1,11,469,234,0.0032683617901057005,5.960464477539063e-08,0.003268373664468527,False
31,A4B9O6,ES,4,A4B9O6_ES_slice004,68,True,3,3,4,1,11,657,328,0.002918294398114085,7.450580596923828e-09,0.002918295795097947,False
31,A4B9O6,ES,5,A4B9O6_ES_slice005,69,True,3,3,4,1,11,799,399,0.010427594184875488,3.3527612686157227e-08,0.01042760070413351,False
31,A4B9O6,ES,6,A4B9O6_ES_slice006,70,True,3,3,4,1,11,956,478,0.0005052671767771244,-2.9802322387695312e-08,0.0005052612395957112,False
31,A4B9O6,ES,7,A4B9O6_ES_slice007,71,True,3,3,4,1,11,1175,587,0.004954101983457804,-5.21540641784668e-08,0.004954091738909483,False
31,A4B9O6,ES,8,A4B9O6_ES_slice008,72,True,3,3,4,1,11,377,188,0.004992934875190258,1.4901161193847656e-08,0.004992937669157982,False
31,A4B9O6,ES,9,A4B9O6_ES_slice009,73,True,3,3,4,1,10,81,40,0.006911717355251312,-6.705522537231445e-08,0.00691170385107398,False
31,A4B9O6,ES,10,A4B9O6_ES_slice010,74,True,3,3,3,0,0,0,0,0.008719220757484436,1.059638137235197e-07,0.008719242177903652,False
31,A4K8R4,ED,0,A4K8R4_ED_slice000,75,True,3,3,3,0,0,0,0,0.008632059209048748,-1.1920928955078125e-07,0.008632034994661808,False
31,A4K8R4,ED,1,A4K8R4_ED_slice001,76,True,3,3,4,1,11,1471,735,0.003301146673038602,5.960464477539063e-08,0.0033011585474014282,False
31,A4K8R4,ED,2,A4K8R4_ED_slice002,77,True,3,3,4,1,10,3760,1880,0.001410118886269629,-2.60770320892334e-08,0.0014101136475801468,False
31,A4K8R4,ED,3,A4K8R4_ED_slice003,78,True,3,3,4,1,11,3770,1885,0.0002163480967283249,0.0,0.0002163480967283249,False
31,A4K8R4,ED,4,A4K8R4_ED_slice004,79,True,3,3,4,1,11,3393,1696,0.00013810116797685623,-1.1920928955078125e-07,0.00013807733193971217,False
31,A4K8R4,ED,5,A4K8R4_ED_slice005,80,True,3,3,4,1,11,3033,1516,0.00020436104387044907,0.0,0.00020436104387044907,False
31,A4K8R4,ED,6,A4K8R4_ED_slice006,81,True,3,3,4,1,11,2495,1247,0.0002963427687063813,1.1175870895385742e-08,0.0002963450097013265,False
31,A4K8R4,ED,7,A4K8R4_ED_slice007,82,True,3,3,4,1,11,1927,963,0.0001930803555296734,-1.1175870895385742e-08,0.00019307811453472823,False
31,A4K8R4,ED,8,A4K8R4_ED_slice008,83,True,3,3,4,1,11,1424,712,0.0001912536972668022,1.4901161193847656e-08,0.000191256680409424,False
31,A4K8R4,ED,9,A4K8R4_ED_slice009,84,True,3,3,4,1,11,431,215,0.00026882393285632133,6.705522537231445e-08,0.0002688373497221619,False
31,A4K8R4,ED,10,A4K8R4_ED_slice010,85,True,3,3,3,0,0,0,0,0.00011497289233375341,9.271833789625816e-08,0.00011499143874971196,False
31,A4K8R4,ED,11,A4K8R4_ED_slice011,86,True,3,3,3,0,0,0,0,0.0001097374624805525,-1.1920928955078125e-07,0.00010971361916745082,False
31,A4K8R4,ES,0,A4K8R4_ES_slice000,87,True,3,3,3,0,0,0,0,0.00010600795940263197,4.635916894812908e-08,0.00010601722897263244,False
31,A4K8R4,ES,1,A4K8R4_ES_slice001,88,True,3,3,4,1,11,242,121,0.00026078656082972884,2.2351741790771484e-08,0.0002607910428196192,False
31,A4K8R4,ES,2,A4K8R4_ES_slice002,89,True,3,3,4,1,11,1444,722,0.0005428550066426396,1.1175870895385742e-08,0.0005428572185337543,False
31,A4K8R4,ES,3,A4K8R4_ES_slice003,90,True,3,3,4,1,11,2972,1486,0.0014743461506441236,3.725290298461914e-09,0.0014743468491360545,False
31,A4K8R4,ES,4,A4K8R4_ES_slice004,91,True,3,3,4,1,10,2661,1330,0.0017116307280957699,1.0803341865539551e-07,0.0017116523813456297,False
31,A4K8R4,ES,5,A4K8R4_ES_slice005,92,True,3,3,4,1,11,2309,1154,0.00025493826251477003,-7.450580596923828e-09,0.00025493677821941674,False
31,A4K8R4,ES,6,A4K8R4_ES_slice006,93,True,3,3,4,1,11,2207,1103,0.00015277309285011142,4.470348358154297e-08,0.00015278202772606164,False
31,A4K8R4,ES,7,A4K8R4_ES_slice007,94,True,3,3,4,1,11,1446,723,0.00013646439765579998,1.1920928955078125e-07,0.00013648823369294405,False
31,A4K8R4,ES,8,A4K8R4_ES_slice008,95,True,3,3,4,1,11,1132,566,8.313685975736007e-05,1.4901161193847656e-08,8.313984289998189e-05,False
31,A4K8R4,ES,9,A4K8R4_ES_slice009,96,True,3,3,4,1,11,371,185,0.00023723518825136125,-1.4901161193847656e-08,0.00023723220510873944,False
31,A4K8R4,ES,10,A4K8R4_ES_slice010,97,True,3,3,3,0,0,0,0,0.0040742033161222935,-1.1920928955078125e-07,0.004074179567396641,False
31,A4K8R4,ES,11,A4K8R4_ES_slice011,98,True,3,3,3,0,0,0,0,0.004021073691546917,-3.973643103449831e-08,0.004021065775305033,False
31,A4R4T0,ED,0,A4R4T0_ED_slice000,99,True,3,3,3,0,0,0,0,0.003939757123589516,-4.635916894812908e-08,0.0039397478103637695,False
31,A4R4T0,ED,1,A4R4T0_ED_slice001,100,True,3,3,4,1,3,7,3,0.00351571012288332,2.9802322387695312e-08,0.003515716176480055,False
31,A4R4T0,ED,2,A4R4T0_ED_slice002,101,True,3,3,4,1,11,433,216,0.008832691237330437,-1.4901161193847656e-08,0.008832688443362713,False
31,A4R4T0,ED,3,A4R4T0_ED_slice003,102,True,3,3,4,1,11,911,455,0.001422116649337113,2.9802322387695312e-08,0.001422122586518526,False
31,A4R4T0,ED,4,A4R4T0_ED_slice004,103,True,3,3,4,1,11,1612,806,0.00026869913563132286,-1.1920928955078125e-07,0.0002686752995941788,False
31,A4R4T0,ED,5,A4R4T0_ED_slice005,104,True,3,3,4,1,11,1910,955,0.0002142981975339353,-5.960464477539063e-08,0.00021428627951536328,False
31,A4R4T0,ED,6,A4R4T0_ED_slice006,105,True,3,3,4,1,11,2122,1061,0.00016409387171734124,-9.685754776000977e-08,0.0001640745031181723,False
31,A4R4T0,ED,7,A4R4T0_ED_slice007,106,True,3,3,4,1,11,1782,891,2.6460471417522058e-05,-3.725290298461914e-09,2.6459725631866604e-05,False
31,A4R4T0,ED,8,A4R4T0_ED_slice008,107,True,3,3,4,1,11,768,384,2.2055337467463687e-05,-6.705522537231445e-08,2.2041926058591343e-05,False
31,A4R4T0,ED,9,A4R4T0_ED_slice009,108,True,3,3,3,0,0,0,0,2.886976108129602e-05,6.622738624173508e-08,2.888300696213264e-05,False
31,A4R4T0,ES,0,A4R4T0_ES_slice000,109,True,3,3,3,0,0,0,0,2.8430669772205874e-05,0.0,2.8430669772205874e-05,False
31,A4R4T0,ES,1,A4R4T0_ES_slice001,110,True,3,3,3,0,0,0,0,2.804216455842834e-05,3.311369312086754e-08,2.804878749884665e-05,False
31,A4R4T0,ES,2,A4R4T0_ES_slice002,111,True,3,3,4,1,11,274,137,2.0822235455852933e-05,2.2351741790771484e-08,2.082670653180685e-05,False
31,A4R4T0,ES,3,A4R4T0_ES_slice003,112,True,3,3,4,1,11,629,314,0.035445526242256165,-1.1920928955078125e-07,0.035445503890514374,False
31,A4R4T0,ES,4,A4R4T0_ES_slice004,113,True,3,3,4,1,11,1173,586,0.000535431900061667,0.0,0.000535431900061667,False
31,A4R4T0,ES,5,A4R4T0_ES_slice005,114,True,3,3,4,1,11,1375,687,0.0003018249408341944,-8.940696716308594e-08,0.000301807071082294,False
31,A4R4T0,ES,6,A4R4T0_ES_slice006,115,True,3,3,4,1,11,1358,679,0.00016793138638604432,-1.4156103134155273e-07,0.00016790306835900992,False
31,A4R4T0,ES,7,A4R4T0_ES_slice007,116,True,3,3,4,1,11,627,313,1.727312155708205e-05,2.2351741790771484e-08,1.7277592633035965e-05,False
31,A4R4T0,ES,8,A4R4T0_ES_slice008,117,True,3,3,4,1,11,154,77,9.728649274620693e-06,-2.2351741790771484e-08,9.72417910816148e-06,False
31,A4R4T0,ES,9,A4R4T0_ES_slice009,118,True,3,3,3,0,0,0,0,3.678351640701294e-05,-1.3245476715439963e-08,3.678086795844138e-05,False
31,A5P5W0,ED,0,A5P5W0_ED_slice000,119,True,3,3,4,1,11,574,287,2.7579613743000664e-05,-4.0978193283081055e-08,2.7571417376748286e-05,False
31,A5P5W0,ED,1,A5P5W0_ED_slice001,120,True,3,3,4,1,11,842,421,6.472274253610522e-05,-9.685754776000977e-08,6.470337393693626e-05,False
31,A5P5W0,ED,2,A5P5W0_ED_slice002,121,True,3,3,4,1,11,1528,764,0.004909769631922245,2.60770320892334e-08,0.004909774754196405,False
31,A5P5W0,ED,3,A5P5W0_ED_slice003,122,True,3,3,4,1,11,3695,1847,8.0326562965638e-06,1.862645149230957e-08,8.036381586862262e-06,False
31,A5P5W0,ED,4,A5P5W0_ED_slice004,123,True,3,3,4,1,11,3564,1782,8.399057151109446e-06,-3.725290298461914e-08,8.391606570512522e-06,False
31,A5P5W0,ED,5,A5P5W0_ED_slice005,124,True,3,3,4,1,11,3277,1638,5.861146291863406e-06,-7.450580596923828e-09,5.859656084794551e-06,False
31,A5P5W0,ED,6,A5P5W0_ED_slice006,125,True,3,3,4,1,11,2384,1192,6.92011371938861e-06,1.043081283569336e-07,6.940975254110526e-06,False
31,A5P5W0,ED,7,A5P5W0_ED_slice007,126,True,3,3,4,1,11,1870,935,1.8020258721662685e-05,3.725290298461914e-09,1.802100450731814e-05,False
31,A5P5W0,ED,8,A5P5W0_ED_slice008,127,True,3,3,4,1,11,1135,567,1.7689719243207946e-05,4.0978193283081055e-08,1.7697915609460324e-05,False
31,A5P5W0,ED,9,A5P5W0_ED_slice009,128,True,3,3,3,0,0,0,0,0.000175271590705961,8.609559642991371e-08,0.00017528880562167615,False
31,A5P5W0,ED,10,A5P5W0_ED_slice010,129,True,3,3,3,0,0,0,0,0.00017470750026404858,-1.3245477248347015e-07,0.00017468101577833295,False
31,A5P5W0,ES,0,A5P5W0_ES_slice000,130,True,3,3,3,0,0,0,0,0.0001779844460543245,-5.298190686175985e-08,0.00017797385226003826,False
31,A5P5W0,ES,1,A5P5W0_ES_slice001,131,True,3,3,4,1,11,496,248,0.00012320830137468874,6.332993507385254e-08,0.00012322096154093742,False
31,A5P5W0,ES,2,A5P5W0_ES_slice002,132,True,3,3,4,1,11,332,166,7.819930760888383e-05,8.195638656616211e-08,7.821570034138858e-05,False
31,A5P5W0,ES,3,A5P5W0_ES_slice003,133,True,3,3,4,1,11,396,198,0.02092491090297699,-7.82310962677002e-08,0.020924896001815796,False
31,A5P5W0,ES,4,A5P5W0_ES_slice004,134,True,3,3,4,1,11,1409,704,0.005003221798688173,4.470348358154297e-08,0.005003230646252632,False
31,A5P5W0,ES,5,A5P5W0_ES_slice005,135,True,3,3,4,1,11,2322,1161,5.098570545669645e-05,-4.470348358154297e-08,5.097676330478862e-05,False
31,A5P5W0,ES,6,A5P5W0_ES_slice006,136,True,3,3,4,1,11,1777,888,7.291652582352981e-05,-4.470348358154297e-08,7.290758367162198e-05,False
31,A5P5W0,ES,7,A5P5W0_ES_slice007,137,True,3,3,4,1,10,1280,640,7.511831063311547e-05,7.450580596923828e-09,7.511980220442638e-05,False
31,A5P5W0,ES,8,A5P5W0_ES_slice008,138,True,3,3,4,1,11,787,393,7.548868597950786e-05,3.725290298461914e-08,7.549613656010479e-05,False
31,A5P5W0,ES,9,A5P5W0_ES_slice009,139,True,3,3,3,0,0,0,0,0.0046408697962760925,5.298190686175985e-08,0.004640880506485701,False
31,A5P5W0,ES,10,A5P5W0_ES_slice010,140,True,3,3,3,0,0,0,0,0.004164213314652443,7.285012060265217e-08,0.0041642277501523495,False
31,A5Q1W8,ED,0,A5Q1W8_ED_slice000,141,True,3,3,3,0,0,0,0,0.0034545883536338806,5.960464477539063e-08,0.003454600227996707,False
31,A5Q1W8,ED,1,A5Q1W8_ED_slice001,142,True,3,3,3,0,0,0,0,0.002127411775290966,-9.271833789625816e-08,0.0021273931488394737,False
31,A5Q1W8,ED,2,A5Q1W8_ED_slice002,143,True,3,3,3,0,0,0,0,0.0009963780175894499,0.0,0.0009963780175894499,False
31,A5Q1W8,ED,3,A5Q1W8_ED_slice003,144,True,3,3,4,1,11,386,193,0.000785236363299191,8.568167686462402e-08,0.0007852534763514996,False
31,A5Q1W8,ED,4,A5Q1W8_ED_slice004,145,True,3,3,4,1,10,560,280,0.002450676867738366,-3.725290298461914e-08,0.002450669417157769,False
31,A5Q1W8,ED,5,A5Q1W8_ED_slice005,146,True,3,3,4,1,11,774,387,9.871247311821207e-05,1.1175870895385742e-08,9.871470683719963e-05,False
31,A5Q1W8,ED,6,A5Q1W8_ED_slice006,147,True,3,3,4,1,11,930,465,0.00034239012165926397,1.4901161193847656e-08,0.00034239309024997056,False
31,A5Q1W8,ED,7,A5Q1W8_ED_slice007,148,True,3,3,4,1,11,1619,809,0.0001110324083128944,-9.685754776000977e-08,0.00011101303971372545,False
31,A5Q1W8,ED,8,A5Q1W8_ED_slice008,149,True,3,3,4,1,11,1949,974,1.0582433787931222e-05,8.195638656616211e-08,1.0598824701446574e-05,False
31,A5Q1W8,ED,9,A5Q1W8_ED_slice009,150,True,3,3,4,1,11,2110,1055,1.7490345271653496e-05,1.862645149230957e-08,1.7494070561951958e-05,False
31,A5Q1W8,ED,10,A5Q1W8_ED_slice010,151,True,3,3,4,1,11,1486,743,3.6517205444397405e-05,-1.1175870895385742e-08,3.651497172540985e-05,False
31,A5Q1W8,ED,11,A5Q1W8_ED_slice011,152,True,3,3,4,1,10,800,400,1.6903864889172837e-05,2.9802322387695312e-08,1.6909825717448257e-05,False
31,A5Q1W8,ED,12,A5Q1W8_ED_slice012,153,True,3,3,4,1,13,26,13,0.000174016720848158,-2.2351741790771484e-08,0.0001740122534101829,False
31,A5Q1W8,ES,0,A5Q1W8_ES_slice000,154,True,3,3,3,0,0,0,0,0.003042373340576887,-6.622738624173508e-08,0.003042360069230199,False
31,A5Q1W8,ES,1,A5Q1W8_ES_slice001,155,True,3,3,3,0,0,0,0,0.003001081757247448,-6.622738624173508e-08,0.0030010684859007597,False
31,A5Q1W8,ES,2,A5Q1W8_ES_slice002,156,True,3,3,3,0,0,0,0,0.002933693351224065,-1.1920928955078125e-07,0.002933669602498412,False
31,A5Q1W8,ES,3,A5Q1W8_ES_slice003,157,True,3,3,4,1,11,327,163,0.05509437993168831,4.470348358154297e-08,0.055094387382268906,False
31,A5Q1W8,ES,4,A5Q1W8_ES_slice004,158,True,3,3,4,1,11,505,252,0.02742014080286026,3.725290298461914e-09,0.02742014080286026,False
31,A5Q1W8,ES,5,A5Q1W8_ES_slice005,159,True,3,3,4,1,10,661,330,0.026434998959302902,-7.450580596923828e-09,0.026434997096657753,False
31,A5Q1W8,ES,6,A5Q1W8_ES_slice006,160,True,3,3,4,1,11,1112,556,0.026691563427448273,2.9802322387695312e-08,0.02669156901538372,False
31,A5Q1W8,ES,7,A5Q1W8_ES_slice007,161,True,3,3,4,1,11,1479,739,0.00010388646478531882,-1.1175870895385742e-07,0.00010386411304352805,False
31,A5Q1W8,ES,8,A5Q1W8_ES_slice008,162,True,3,3,4,1,11,1719,859,2.952423346869182e-05,2.60770320892334e-08,2.9529448511311784e-05,False
31,A5Q1W8,ES,9,A5Q1W8_ES_slice009,163,True,3,3,4,1,10,961,480,0.0016349152429029346,-8.568167686462402e-08,0.001634898129850626,False
31,A5Q1W8,ES,10,A5Q1W8_ES_slice010,164,True,3,3,4,1,10,460,230,0.0016765943728387356,7.82310962677002e-08,0.0016766099724918604,False
31,A5Q1W8,ES,11,A5Q1W8_ES_slice011,165,True,3,3,4,1,11,42,21,0.0016050147823989391,1.4901161193847656e-08,0.0016050178091973066,False
31,A5Q1W8,ES,12,A5Q1W8_ES_slice012,166,True,3,3,3,0,0,0,0,0.0020804540254175663,7.285012060265217e-08,0.0020804686937481165,False
31,A6A8H0,ED,0,A6A8H0_ED_slice000,167,True,3,3,3,0,0,0,0,0.001987803727388382,-3.311369312086754e-08,0.0019877972081303596,False
31,A6A8H0,ED,1,A6A8H0_ED_slice001,168,True,3,3,4,1,11,64,32,0.0014014667831361294,-1.0803341865539551e-07,0.0014014451298862696,False
31,A6A8H0,ED,2,A6A8H0_ED_slice002,169,True,3,3,4,1,11,631,315,0.00022778954007662833,2.9802322387695312e-08,0.00022779550636187196,False
31,A6A8H0,ED,3,A6A8H0_ED_slice003,170,True,3,3,4,1,11,1370,685,0.00010236973321298137,7.82310962677002e-08,0.00010238537652185187,False
31,A6A8H0,ED,4,A6A8H0_ED_slice004,171,True,3,3,4,1,11,1831,915,9.913983376463875e-05,1.1175870895385742e-07,9.916218550642952e-05,False
31,A6A8H0,ED,5,A6A8H0_ED_slice005,172,True,3,3,4,1,11,2382,1191,2.750871681200806e-05,-7.450580596923828e-09,2.7507227059686556e-05,False
31,A6A8H0,ED,6,A6A8H0_ED_slice006,173,True,3,3,4,1,11,2690,1345,3.011579974554479e-05,-9.313225746154785e-08,3.009717329405248e-05,False
31,A6A8H0,ED,7,A6A8H0_ED_slice007,174,True,3,3,4,1,11,2789,1394,2.5134597308351658e-05,-4.842877388000488e-08,2.5124911189777777e-05,False
31,A6A8H0,ED,8,A6A8H0_ED_slice008,175,True,3,3,4,1,11,3048,1524,3.8749014493077993e-05,2.9802322387695312e-08,3.875497350236401e-05,False
31,A6A8H0,ED,9,A6A8H0_ED_slice009,176,True,3,3,4,1,11,2922,1461,5.113727820571512e-05,-7.450580596923828e-09,5.113578663440421e-05,False
31,A6A8H0,ED,10,A6A8H0_ED_slice010,177,True,3,3,4,1,11,651,325,4.732236993731931e-05,-5.587935447692871e-08,4.731119406642392e-05,False
31,A6A8H0,ED,11,A6A8H0_ED_slice011,178,True,3,3,4,1,11,84,42,3.3598189475014806e-05,7.82310962677002e-08,3.361383642186411e-05,False
31,A6A8H0,ED,12,A6A8H0_ED_slice012,179,True,3,3,4,1,11,288,144,9.715538180898875e-05,3.725290298461914e-09,9.71561239566654e-05,False
31,A6A8H0,ES,0,A6A8H0_ES_slice000,180,True,3,3,3,0,0,0,0,0.00025835272390395403,1.3245476715439963e-08,0.0002583553723525256,False
31,A6A8H0,ES,1,A6A8H0_ES_slice001,181,True,3,3,3,0,0,0,0,0.00025589735014364123,1.9868215517249155e-08,0.0002559013373684138,False
31,A6A8H0,ES,2,A6A8H0_ES_slice002,182,True,3,3,4,1,11,359,179,6.034875332261436e-05,2.9802322387695312e-08,6.035471233190037e-05,False
31,A6A8H0,ES,3,A6A8H0_ES_slice003,183,True,3,3,4,1,11,931,465,0.0026931108441203833,-1.0058283805847168e-07,0.002693090820685029,False
31,A6A8H0,ES,4,A6A8H0_ES_slice004,184,True,3,3,4,1,11,1328,664,0.0019183410331606865,8.940696716308594e-08,0.0019183589611202478,False
31,A6A8H0,ES,5,A6A8H0_ES_slice005,185,True,3,3,4,1,11,1817,908,0.00014663317415397614,-3.725290298461914e-08,0.00014662572357337922,False
31,A6A8H0,ES,6,A6A8H0_ES_slice006,186,True,3,3,4,1,11,1970,985,0.0009151067351922393,-1.1920928955078125e-07,0.0009150828700512648,False
31,A6A8H0,ES,7,A6A8H0_ES_slice007,187,True,3,3,4,1,11,2094,1047,7.098892820067704e-05,6.705522537231445e-08,7.100233779055998e-05,False
31,A6A8H0,ES,8,A6A8H0_ES_slice008,188,True,3,3,4,1,11,2082,1041,6.777008820790797e-05,6.332993507385254e-08,6.778275565011427e-05,False
31,A6A8H0,ES,9,A6A8H0_ES_slice009,189,True,3,3,4,1,10,561,280,0.00018224475206807256,-3.725290298461914e-09,0.0001822440099203959,False
31,A6A8H0,ES,10,A6A8H0_ES_slice010,190,True,3,3,4,1,7,15,7,0.0003906733472831547,7.450580596923828e-09,0.000390674831578508,False
31,A6A8H0,ES,11,A6A8H0_ES_slice011,191,True,3,3,3,0,0,0,0,0.001231230329722166,-9.271833789625816e-08,0.0012312118196859956,False
31,A6A8H0,ES,12,A6A8H0_ES_slice012,192,True,3,3,4,1,11,970,485,0.0012758197262883186,7.078051567077637e-08,0.0012758339289575815,False
31,A6B7Y4,ED,0,A6B7Y4_ED_slice000,193,True,3,3,3,0,0,0,0,0.000666870444547385,6.622738357719982e-09,0.000666871783323586,False
31,A6B7Y4,ED,1,A6B7Y4_ED_slice001,194,True,3,3,3,0,0,0,0,0.0006649484275840223,-6.622738624173508e-08,0.000664935156237334,False
31,A6B7Y4,ED,2,A6B7Y4_ED_slice002,195,True,3,3,4,1,11,1248,624,0.0002820931258611381,-7.450580596923828e-09,0.0002820916415657848,False
31,A6B7Y4,ED,3,A6B7Y4_ED_slice003,196,True,3,3,4,1,11,1732,866,0.0002937962708529085,2.2351741790771484e-08,0.00029380075284279883,False
31,A6B7Y4,ED,4,A6B7Y4_ED_slice004,197,True,3,3,4,1,11,2136,1068,9.48576198425144e-05,2.60770320892334e-08,9.486283670412377e-05,False
31,A6B7Y4,ED,5,A6B7Y4_ED_slice005,198,True,3,3,4,1,11,2388,1194,9.465102630201727e-05,5.21540641784668e-08,9.466146002523601e-05,False
31,A6B7Y4,ED,6,A6B7Y4_ED_slice006,199,True,3,3,4,1,11,545,272,0.00015462422743439674,7.450580596923828e-09,0.00015462571172975004,False
31,A6B7Y4,ED,7,A6B7Y4_ED_slice007,200,True,3,3,4,1,11,1802,901,0.00015472236555069685,0.0,0.00015472236555069685,False
31,A6B7Y4,ED,8,A6B7Y4_ED_slice008,201,True,3,3,4,1,6,12,6,2.5736870156833902e-05,3.725290298461914e-09,2.5737615942489356e-05,False
31,A6B7Y4,ED,9,A6B7Y4_ED_slice009,202,True,3,3,3,0,0,0,0,1.7054073396138847e-05,1.059638137235197e-07,1.707526644167956e-05,False
31,A6B7Y4,ED,10,A6B7Y4_ED_slice010,203,True,3,3,3,0,0,0,0,1.6964269889285788e-05,1.3245476715439963e-08,1.696691833785735e-05,False
31,A6B7Y4,ED,11,A6B7Y4_ED_slice011,204,True,3,3,3,0,0,0,0,1.6892394341994077e-05,-1.1920928955078125e-07,1.68685528478818e-05,False
31,A6B7Y4,ES,0,A6B7Y4_ES_slice000,205,True,3,3,3,0,0,0,0,1.683829032117501e-05,0.0,1.683829032117501e-05,False
31,A6B7Y4,ES,1,A6B7Y4_ES_slice001,206,True,3,3,3,0,0,0,0,1.6792146197985858e-05,0.0,1.6792146197985858e-05,False
31,A6B7Y4,ES,2,A6B7Y4_ES_slice002,207,True,3,3,4,1,11,602,301,0.024748368188738823,3.3527612686157227e-08,0.02474837563931942,False
31,A6B7Y4,ES,3,A6B7Y4_ES_slice003,208,True,3,3,4,1,11,1130,565,0.016698135063052177,2.2351741790771484e-08,0.016698138788342476,False
31,A6B7Y4,ES,4,A6B7Y4_ES_slice004,209,True,3,3,4,1,11,1469,734,0.0003573221620172262,-1.1175870895385742e-08,0.00035731992102228105,False
31,A6B7Y4,ES,5,A6B7Y4_ES_slice005,210,True,3,3,4,1,11,1463,731,0.00012477445125114173,-4.842877388000488e-08,0.00012476475967559963,False
31,A6B7Y4,ES,6,A6B7Y4_ES_slice006,211,True,3,3,4,1,11,1755,877,0.00010153418406844139,-9.685754776000977e-08,0.00010151481546927243,False
31,A6B7Y4,ES,7,A6B7Y4_ES_slice007,212,True,3,3,4,1,11,2366,1183,0.0001123313486459665,4.0978193283081055e-08,0.00011233954137424007,False
31,A6B7Y4,ES,8,A6B7Y4_ES_slice008,213,True,3,3,4,1,11,1134,567,0.0008718672324903309,7.450580596923828e-09,0.0008718687458895147,False
31,A6B7Y4,ES,9,A6B7Y4_ES_slice009,214,True,3,3,4,1,11,908,454,0.0001110556986532174,5.21540641784668e-08,0.00011106613237643614,False
31,A6B7Y4,ES,10,A6B7Y4_ES_slice010,215,True,3,3,3,0,0,0,0,0.0001430254487786442,5.960464477539063e-08,0.00014303736679721624,False
31,A6B7Y4,ES,11,A6B7Y4_ES_slice011,216,True,3,3,3,0,0,0,0,0.00013896377640776336,4.635916894812908e-08,0.00013897304597776383,False
31,A7F4G2,ED,0,A7F4G2_ED_slice000,217,True,3,3,3,0,0,0,0,0.00013452560233417898,1.9868215517249155e-08,0.00013452957500703633,False
31,A7F4G2,ED,1,A7F4G2_ED_slice001,218,True,3,3,4,1,11,598,299,9.71474582911469e-05,2.9802322387695312e-08,9.715341730043292e-05,False
31,A7F4G2,ED,2,A7F4G2_ED_slice002,219,True,3,3,4,1,10,3100,1550,9.545127250021324e-05,8.568167686462402e-08,9.546840738039464e-05,False
31,A7F4G2,ED,3,A7F4G2_ED_slice003,220,True,3,3,4,1,11,3447,1723,0.00011074465146521106,7.450580596923828e-08,0.00011075955262640491,False
31,A7F4G2,ED,4,A7F4G2_ED_slice004,221,True,3,3,4,1,11,3384,1692,0.004538875538855791,6.705522537231445e-08,0.004538889043033123,False
31,A7F4G2,ED,5,A7F4G2_ED_slice005,222,True,3,3,4,1,11,3133,1566,0.0006169340340420604,-8.940696716308594e-08,0.0006169161642901599,False
31,A7F4G2,ED,6,A7F4G2_ED_slice006,223,True,3,3,4,1,10,2940,1470,0.015577399171888828,-1.1920928955078125e-07,0.015577374957501888,False
31,A7F4G2,ED,7,A7F4G2_ED_slice007,224,True,3,3,4,1,11,2412,1206,0.017052024602890015,7.450580596923828e-09,0.017052026465535164,False
31,A7F4G2,ED,8,A7F4G2_ED_slice008,225,True,3,3,4,1,11,2078,1039,0.012746484018862247,-3.3527612686157227e-08,0.012746477499604225,False
31,A7F4G2,ED,9,A7F4G2_ED_slice009,226,True,3,3,4,1,11,1445,722,0.015129152685403824,0.0,0.015129152685403824,False
31,A7F4G2,ED,10,A7F4G2_ED_slice010,227,True,3,3,4,1,11,893,446,0.00010788320651045069,8.195638656616211e-08,0.00010789959924295545,False
31,A7F4G2,ED,11,A7F4G2_ED_slice011,228,True,3,3,4,1,11,298,149,9.449352364754304e-05,7.450580596923828e-09,9.449501521885395e-05,False
31,A7F4G2,ED,12,A7F4G2_ED_slice012,229,True,3,3,3,0,0,0,0,6.699177174596116e-05,3.311369312086754e-08,6.699839286739007e-05,False
31,A7F4G2,ED,13,A7F4G2_ED_slice013,230,True,3,3,3,0,0,0,0,6.0608119383687153e-05,-1.1920928955078125e-07,6.0584276070585474e-05,False
31,A7F4G2,ES,0,A7F4G2_ES_slice000,231,True,3,3,3,0,0,0,0,5.536759999813512e-05,-5.298190686175985e-08,5.535700256587006e-05,False
31,A7F4G2,ES,1,A7F4G2_ES_slice001,232,True,3,3,4,1,17,35,17,7.659354741917923e-05,-6.332993507385254e-08,7.658087997697294e-05,False
31,A7F4G2,ES,2,A7F4G2_ES_slice002,233,True,3,3,4,1,11,1797,898,7.233150245156139e-05,-3.3527612686157227e-08,7.232479401864111e-05,False
31,A7F4G2,ES,3,A7F4G2_ES_slice003,234,True,3,3,4,1,11,3207,1603,7.961674782563932e-06,-5.960464477539063e-08,7.949754035507794e-06,False
31,A7F4G2,ES,4,A7F4G2_ES_slice004,235,True,3,3,4,1,11,2851,1425,7.5044308687211014e-06,1.4901161193847656e-08,7.507411282858811e-06,False
31,A7F4G2,ES,5,A7F4G2_ES_slice005,236,True,3,3,4,1,11,2770,1385,1.2147337656642776e-05,-8.940696716308594e-08,1.2129456081311218e-05,False
31,A7F4G2,ES,6,A7F4G2_ES_slice006,237,True,3,3,4,1,11,2683,1341,3.078749432461336e-05,-3.725290298461914e-08,3.078004374401644e-05,False
31,A7F4G2,ES,7,A7F4G2_ES_slice007,238,True,3,3,4,1,11,2208,1104,7.458071991095494e-07,4.470348358154297e-08,7.547478730884905e-07,False
31,A7F4G2,ES,8,A7F4G2_ES_slice008,239,True,3,3,4,1,10,2061,1030,1.8927084965980612e-06,-3.3527612686157227e-08,1.8860030195355648e-06,False
31,A7F4G2,ES,9,A7F4G2_ES_slice009,240,True,3,3,4,1,11,1516,758,6.049936928320676e-06,-8.568167686462402e-08,6.0328006838972215e-06,False
31,A7F4G2,ES,10,A7F4G2_ES_slice010,241,True,3,3,4,1,11,971,485,3.351569102960639e-05,2.2351741790771484e-08,3.35201621055603e-05,False
31,A7F4G2,ES,11,A7F4G2_ES_slice011,242,True,3,3,4,1,11,419,209,0.00021710016881115735,7.450580596923828e-08,0.0002171150699723512,False
31,A7F4G2,ES,12,A7F4G2_ES_slice012,243,True,3,3,3,0,0,0,0,0.0005465350113809109,3.973643103449831e-08,0.000546542985830456,False
31,A7F4G2,ES,13,A7F4G2_ES_slice013,244,True,3,3,3,0,0,0,0,0.0004454895679373294,6.622738624173508e-08,0.0004455028101801872,False
31,B3E2W8,ED,0,B3E2W8_ED_slice000,245,True,3,3,3,0,0,0,0,0.000320736930007115,7.947286206899662e-08,0.0003207528206985444,False
31,B3E2W8,ED,1,B3E2W8_ED_slice001,246,True,3,3,3,0,0,0,0,0.00021674817253369838,0.0,0.00021674817253369838,False
31,B3E2W8,ED,2,B3E2W8_ED_slice002,247,True,3,3,4,1,11,879,439,7.759404979879037e-05,7.078051567077637e-08,7.760820881230757e-05,False
31,B3E2W8,ED,3,B3E2W8_ED_slice003,248,True,3,3,4,1,11,1166,583,1.81658524525119e-05,2.60770320892334e-08,1.8171067495131865e-05,False
31,B3E2W8,ED,4,B3E2W8_ED_slice004,249,True,3,3,4,1,11,1487,743,1.4527790881402325e-05,-8.940696716308594e-08,1.4509909306070767e-05,False
31,B3E2W8,ED,5,B3E2W8_ED_slice005,250,True,3,3,4,1,11,1683,841,0.0001909905840875581,-5.21540641784668e-08,0.00019098015036433935,False
31,B3E2W8,ED,6,B3E2W8_ED_slice006,251,True,3,3,4,1,11,1835,917,9.588107059244066e-05,2.60770320892334e-08,9.588628745405003e-05,False
31,B3E2W8,ED,7,B3E2W8_ED_slice007,252,True,3,3,4,1,11,2022,1011,0.00017775411834008992,5.21540641784668e-08,0.00017776455206330866,False
31,B3E2W8,ED,8,B3E2W8_ED_slice008,253,True,3,3,4,1,11,1266,633,1.7541618944960646e-05,3.725290298461914e-09,1.75423647306161e-05,False
31,B3E2W8,ED,9,B3E2W8_ED_slice009,254,True,3,3,4,1,11,659,329,3.259074583183974e-05,1.1175870895385742e-08,3.2592979550827295e-05,False
31,B3E2W8,ED,10,B3E2W8_ED_slice010,255,True,3,3,3,0,0,0,0,4.897815961157903e-05,-1.1920928955078125e-07,4.895431629847735e-05,False
31,B3E2W8,ES,0,B3E2W8_ES_slice000,256,True,3,3,3,0,0,0,0,4.897843609796837e-05,-6.622738357719982e-09,4.897711187368259e-05,False
31,B3E2W8,ES,1,B3E2W8_ES_slice001,257,True,3,3,3,0,0,0,0,4.8763013182906434e-05,-5.960464477539063e-08,4.8751091526355594e-05,False
31,B3E2W8,ES,2,B3E2W8_ES_slice002,258,True,3,3,4,1,16,33,16,3.598032344598323e-05,-7.82310962677002e-08,3.596467649913393e-05,False
31,B3E2W8,ES,3,B3E2W8_ES_slice003,259,True,3,3,4,1,11,683,341,3.470750743872486e-05,6.332993507385254e-08,3.4720174880931154e-05,False
31,B3E2W8,ES,4,B3E2W8_ES_slice004,260,True,3,3,4,1,11,878,439,5.282272468321025e-06,4.0978193283081055e-08,5.290467925078701e-06,False
31,B3E2W8,ES,5,B3E2W8_ES_slice005,261,True,3,3,4,1,11,876,438,9.276602213503793e-06,-8.195638656616211e-08,9.260211299988441e-06,False
31,B3E2W8,ES,6,B3E2W8_ES_slice006,262,True,3,3,4,1,11,1132,566,2.1683329975985544e-07,4.842877388000488e-08,2.2651904885151453e-07,False
31,B3E2W8,ES,7,B3E2W8_ES_slice007,263,True,3,3,4,1,10,781,390,1.876837245617935e-07,3.725290298461914e-09,1.8842878546365682e-07,False
31,B3E2W8,ES,8,B3E2W8_ES_slice008,264,True,3,3,4,1,11,379,189,1.501998809771976e-07,5.587935447692871e-08,1.6137575187258335e-07,False
31,B3E2W8,ES,9,B3E2W8_ES_slice009,265,True,3,3,4,1,11,327,163,1.5205448278265976e-07,4.842877388000488e-08,1.6174023187431885e-07,False
31,B3E2W8,ES,10,B3E2W8_ES_slice010,266,True,3,3,3,0,0,0,0,9.695411051779956e-08,-1.4570024120530434e-07,6.781406369782417e-08,False
31,B6I0T4,ED,0,B6I0T4_ED_slice000,267,True,3,3,3,0,0,0,0,9.678804957502507e-08,-9.934107225717526e-08,7.691983228141908e-08,False
31,B6I0T4,ED,1,B6I0T4_ED_slice001,268,True,3,3,4,1,11,659,329,6.419818987524195e-08,-8.940696716308594e-08,4.631679573208203e-08,False
31,B6I0T4,ED,2,B6I0T4_ED_slice002,269,True,3,3,4,1,11,853,426,3.592501798266312e-06,-2.2351741790771484e-08,3.5880314044334227e-06,False
31,B6I0T4,ED,3,B6I0T4_ED_slice003,270,True,3,3,4,1,11,362,181,1.909799266286427e-06,0.0,1.909799266286427e-06,False
31,B6I0T4,ED,4,B6I0T4_ED_slice004,271,True,3,3,4,1,11,1465,732,3.7984439131832914e-06,-1.1920928955078125e-07,3.774601964323665e-06,False
31,B6I0T4,ED,5,B6I0T4_ED_slice005,272,True,3,3,4,1,11,1779,889,4.402326885610819e-05,-3.3527612686157227e-08,4.401656406116672e-05,False
31,B6I0T4,ED,6,B6I0T4_ED_slice006,273,True,3,3,4,1,11,1098,549,9.662437150836922e-06,-2.9802322387695312e-08,9.656476322561502e-06,False
31,B6I0T4,ED,7,B6I0T4_ED_slice007,274,True,3,3,4,1,11,787,393,2.91921151074348e-06,6.705522537231445e-08,2.932622464868473e-06,False
31,B6I0T4,ED,8,B6I0T4_ED_slice008,275,True,3,3,3,0,0,0,0,3.885137630277313e-06,-7.947286206899662e-08,3.869242846121779e-06,False
31,B6I0T4,ED,9,B6I0T4_ED_slice009,276,True,3,3,3,0,0,0,0,3.880613803630695e-06,0.0,3.880613803630695e-06,False
31,B6I0T4,ES,0,B6I0T4_ES_slice000,277,True,3,3,3,0,0,0,0,3.879134510498261e-06,3.311369312086754e-08,3.8857574509165715e-06,False
31,B6I0T4,ES,1,B6I0T4_ES_slice001,278,True,3,3,4,1,12,159,79,2.8412925985321635e-06,-5.960464477539063e-08,2.8293716241023503e-06,False
31,B6I0T4,ES,2,B6I0T4_ES_slice002,279,True,3,3,4,1,11,698,349,2.8359377211018e-06,3.3527612686157227e-08,2.8426431981642963e-06,False
31,B6I0T4,ES,3,B6I0T4_ES_slice003,280,True,3,3,4,1,11,847,423,3.7478594094864093e-06,-3.3527612686157227e-08,3.741153932423913e-06,False
31,B6I0T4,ES,4,B6I0T4_ES_slice004,281,True,3,3,4,1,11,1309,654,1.697368497843854e-05,1.1920928955078125e-07,1.6997526472550817e-05,False
31,B6I0T4,ES,5,B6I0T4_ES_slice005,282,True,3,3,4,1,11,199,99,1.4108612731433823e-06,5.960464477539063e-08,1.4227822475731955e-06,False
31,B6I0T4,ES,6,B6I0T4_ES_slice006,283,True,3,3,4,1,11,778,389,1.408329808327835e-06,3.725290298461914e-09,1.4090749118622625e-06,False
31,B6I0T4,ES,7,B6I0T4_ES_slice007,284,True,3,3,4,1,11,168,84,1.7508467635707348e-06,1.4901161193847656e-08,1.7538269503347692e-06,False
31,B6I0T4,ES,8,B6I0T4_ES_slice008,285,True,3,3,3,0,0,0,0,2.797248043862055e-06,-5.298190686175985e-08,2.786651748465374e-06,False
31,B6I0T4,ES,9,B6I0T4_ES_slice009,286,True,3,3,3,0,0,0,0,2.796462695187074e-06,-4.635916894812908e-08,2.78719085144985e-06,False
31,B9G4U2,ED,0,B9G4U2_ED_slice000,287,True,3,3,3,0,0,0,0,2.795900854835054e-06,-1.1920928955078125e-07,2.7720589059754275e-06,False
31,B9G4U2,ED,1,B9G4U2_ED_slice001,288,True,3,3,3,0,0,0,0,2.7959515591646777e-06,-6.622738624173508e-08,2.7827061330754077e-06,False
31,B9G4U2,ED,2,B9G4U2_ED_slice002,289,True,3,3,4,1,1,1,1,2.648770305313519e-06,4.470348358154297e-08,2.657711092979298e-06,False
31,B9G4U2,ED,3,B9G4U2_ED_slice003,290,True,3,3,4,1,11,2211,1105,3.6698825169878546e-06,-7.450580596923828e-09,3.6683923099189997e-06,False
31,B9G4U2,ED,4,B9G4U2_ED_slice004,291,True,3,3,4,1,11,3237,1618,4.413390797708416e-06,0.0,4.413390797708416e-06,False
31,B9G4U2,ED,5,B9G4U2_ED_slice005,292,True,3,3,4,1,11,3275,1637,3.0464661904261447e-06,-1.1920928955078125e-07,3.0226242415665183e-06,False
31,B9G4U2,ED,6,B9G4U2_ED_slice006,293,True,3,3,4,1,11,3058,1529,6.443028541980311e-05,-1.1175870895385742e-08,6.442805170081556e-05,False
31,B9G4U2,ED,7,B9G4U2_ED_slice007,294,True,3,3,4,1,11,2757,1378,0.0006218513590283692,-3.725290298461914e-08,0.0006218439084477723,False
31,B9G4U2,ED,8,B9G4U2_ED_slice008,295,True,3,3,4,1,11,2430,1215,0.0013001445913687348,7.82310962677002e-08,0.0013001601910218596,False
31,B9G4U2,ED,9,B9G4U2_ED_slice009,296,True,3,3,4,1,11,1991,995,0.009250881150364876,1.862645149230957e-08,0.009250884875655174,False
31,B9G4U2,ED,10,B9G4U2_ED_slice010,297,True,3,3,4,1,10,1541,770,0.0002443714183755219,-3.725290298461914e-09,0.00024437066167593,False
31,B9G4U2,ED,11,B9G4U2_ED_slice011,298,True,3,3,4,1,11,1268,634,7.019296754151583e-05,1.4901161193847656e-08,7.019595068413764e-05,False
31,B9G4U2,ED,12,B9G4U2_ED_slice012,299,True,3,3,4,1,11,902,451,5.832501847180538e-05,2.9802322387695312e-08,5.8330977481091395e-05,False
31,B9G4U2,ED,13,B9G4U2_ED_slice013,300,True,3,3,3,0,0,0,0,7.850769907236099e-05,-1.1920928955078125e-07,7.848385575925931e-05,False
31,B9G4U2,ED,14,B9G4U2_ED_slice014,301,True,3,3,3,0,0,0,0,7.912479486549273e-05,1.3245476715439963e-08,7.91274433140643e-05,False
31,B9G4U2,ES,0,B9G4U2_ES_slice000,302,True,3,3,3,0,0,0,0,7.967674173414707e-05,0.0,7.967674173414707e-05,False
31,B9G4U2,ES,1,B9G4U2_ES_slice001,303,True,3,3,3,0,0,0,0,8.01754358690232e-05,1.3245476715439963e-08,8.017808431759477e-05,False
31,B9G4U2,ES,2,B9G4U2_ES_slice002,304,True,3,3,3,0,0,0,0,8.061535481829196e-05,-9.271833789625816e-08,8.059680840233341e-05,False
31,B9G4U2,ES,3,B9G4U2_ES_slice003,305,True,3,3,3,0,0,0,0,8.100969716906548e-05,5.960464477539063e-08,8.102161518763751e-05,False
31,B9G4U2,ES,4,B9G4U2_ES_slice004,306,True,3,3,4,1,11,2282,1141,6.0982063587289304e-05,4.842877388000488e-08,6.099174788687378e-05,False
31,B9G4U2,ES,5,B9G4U2_ES_slice005,307,True,3,3,4,1,11,2450,1225,2.6734294806374237e-05,-4.470348358154297e-08,2.672535447345581e-05,False
31,B9G4U2,ES,6,B9G4U2_ES_slice006,308,True,3,3,4,1,11,2383,1191,5.070323095424101e-05,-3.725290298461914e-09,5.0702485168585554e-05,False
31,B9G4U2,ES,7,B9G4U2_ES_slice007,309,True,3,3,4,1,11,2178,1089,6.652328920608852e-06,6.332993507385254e-08,6.664994998573093e-06,False
31,B9G4U2,ES,8,B9G4U2_ES_slice008,310,True,3,3,4,1,11,1905,952,1.020279432850657e-05,1.1175870895385742e-08,1.0205029866483528e-05,False
31,B9G4U2,ES,9,B9G4U2_ES_slice009,311,True,3,3,4,1,11,1562,781,3.534095185386832e-06,-8.568167686462402e-08,3.5169589409633772e-06,False
31,B9G4U2,ES,10,B9G4U2_ES_slice010,312,True,3,3,4,1,11,1196,598,3.441661647229921e-06,0.0,3.441661647229921e-06,False
31,B9G4U2,ES,11,B9G4U2_ES_slice011,313,True,3,3,4,1,11,893,446,4.767169684782857e-06,4.0978193283081055e-08,4.775365141540533e-06,False
31,B9G4U2,ES,12,B9G4U2_ES_slice012,314,True,3,3,4,1,11,524,262,2.598624860183918e-06,1.1920928955078125e-07,2.6224668090435443e-06,False
31,B9G4U2,ES,13,B9G4U2_ES_slice013,315,True,3,3,3,0,0,0,0,4.82281529912143e-06,0.0,4.82281529912143e-06,False
31,B9G4U2,ES,14,B9G4U2_ES_slice014,316,True,3,3,3,0,0,0,0,4.8249007704725955e-06,0.0,4.8249007704725955e-06,False
31,C0L7V1,ED,0,C0L7V1_ED_slice000,317,True,3,3,3,0,0,0,0,4.824174993700581e-06,-5.298190686175985e-08,4.813578470930224e-06,False
31,C0L7V1,ED,1,C0L7V1_ED_slice001,318,True,3,3,3,0,0,0,0,4.826737949770177e-06,-3.311369312086754e-08,4.820115009351866e-06,False
31,C0L7V1,ED,2,C0L7V1_ED_slice002,319,True,3,3,4,1,11,428,214,8.927436283556744e-06,-2.9802322387695312e-08,8.921475455281325e-06,False
31,C0L7V1,ED,3,C0L7V1_ED_slice003,320,True,3,3,4,1,11,813,406,8.973889634944499e-06,-6.332993507385254e-08,8.961224011727609e-06,False
31,C0L7V1,ED,4,C0L7V1_ED_slice004,321,True,3,3,4,1,11,1451,725,8.936239282775205e-06,-3.725290298461914e-09,8.935494406614453e-06,False
31,C0L7V1,ED,5,C0L7V1_ED_slice005,322,True,3,3,4,1,11,2188,1094,3.419296263018623e-06,-1.862645149230957e-08,3.415570972720161e-06,False
31,C0L7V1,ED,6,C0L7V1_ED_slice006,323,True,3,3,4,1,11,2546,1273,0.0029183775186538696,1.1175870895385742e-08,0.002918379846960306,False
31,C0L7V1,ED,7,C0L7V1_ED_slice007,324,True,3,3,4,1,11,2889,1444,2.685568006199901e-06,1.7881393432617188e-07,2.721330702115665e-06,False
31,C0L7V1,ED,8,C0L7V1_ED_slice008,325,True,3,3,4,1,10,3201,1600,9.601229066902306e-06,1.0803341865539551e-07,9.622835932532325e-06,False
31,C0L7V1,ED,9,C0L7V1_ED_slice009,326,True,3,3,4,1,11,2785,1392,0.00024177705927286297,1.1175870895385742e-08,0.00024177930026780814,False
31,C0L7V1,ED,10,C0L7V1_ED_slice010,327,True,3,3,4,1,11,1359,679,2.710064291022718e-05,3.3527612686157227e-08,2.710734770516865e-05,False
31,C0L7V1,ED,11,C0L7V1_ED_slice011,328,True,3,3,3,0,0,0,0,3.952341648982838e-05,-3.311369312086754e-08,3.951679536839947e-05,False
31,C0L7V1,ED,12,C0L7V1_ED_slice012,329,True,3,3,3,0,0,0,0,4.281090514268726e-05,1.1920928955078125e-07,4.283474845578894e-05,False
31,C0L7V1,ES,0,C0L7V1_ES_slice000,330,True,3,3,3,0,0,0,0,4.6185705286916345e-05,-1.1920928955078125e-07,4.6161861973814666e-05,False
31,C0L7V1,ES,1,C0L7V1_ES_slice001,331,True,3,3,3,0,0,0,0,4.95504864375107e-05,1.3245476715439963e-08,4.955313488608226e-05,False
31,C0L7V1,ES,2,C0L7V1_ES_slice002,332,True,3,3,4,1,11,214,107,4.904453817289323e-06,0.0,4.904453817289323e-06,False
31,C0L7V1,ES,3,C0L7V1_ES_slice003,333,True,3,3,4,1,11,615,307,1.1160915391883464e-06,4.470348358154297e-08,1.1250322131672874e-06,False
31,C0L7V1,ES,4,C0L7V1_ES_slice004,334,True,3,3,4,1,11,763,381,1.0314523706256296e-06,0.0,1.0314523706256296e-06,False
31,C0L7V1,ES,5,C0L7V1_ES_slice005,335,True,3,3,4,1,11,1696,848,3.5617827620626485e-07,4.470348358154297e-08,3.6511897860691533e-07,False
31,C0L7V1,ES,6,C0L7V1_ES_slice006,336,True,3,3,4,1,11,1831,915,3.530575725108065e-07,0.0,3.530575725108065e-07,False
31,C0L7V1,ES,7,C0L7V1_ES_slice007,337,True,3,3,4,1,11,1946,973,1.0844174767044024e-06,-7.450580596923828e-09,1.0829273833223851e-06,False
31,C0L7V1,ES,8,C0L7V1_ES_slice008,338,True,3,3,4,1,11,1193,596,9.014812576424447e-07,4.0978193283081055e-08,9.096768849303771e-07,False
31,C0L7V1,ES,9,C0L7V1_ES_slice009,339,True,3,3,4,1,11,337,168,1.0182371852351935e-06,7.82310962677002e-08,1.0338834499634686e-06,False
31,C0L7V1,ES,10,C0L7V1_ES_slice010,340,True,3,3,4,1,10,361,180,1.3965087646283791e-06,7.450580596923828e-09,1.3979988580103964e-06,False
31,C0L7V1,ES,11,C0L7V1_ES_slice011,341,True,3,3,3,0,0,0,0,1.8800574252963997e-06,7.947286206899662e-08,1.8959519820782589e-06,False
31,C0L7V1,ES,12,C0L7V1_ES_slice012,342,True,3,3,3,0,0,0,0,1.8797286429617088e-06,5.298190686175985e-08,1.8903250520452275e-06,False
31,C5L0R0,ED,0,C5L0R0_ED_slice000,343,True,3,3,4,1,11,964,482,1.395329036313342e-06,0.0,1.395329036313342e-06,False
31,C5L0R0,ED,1,C5L0R0_ED_slice001,344,True,3,3,4,1,11,710,355,7.38354003715358e-07,3.3527612686157227e-08,7.450595376212732e-07,False
31,C5L0R0,ED,2,C5L0R0_ED_slice002,345,True,3,3,4,1,11,1570,785,9.597455346010975e-07,7.82310962677002e-08,9.753917993293726e-07,False
31,C5L0R0,ED,3,C5L0R0_ED_slice003,346,True,3,3,4,1,10,2680,1340,1.290968384637381e-06,-1.4901161193847656e-08,1.2879881978733465e-06,False
31,C5L0R0,ED,4,C5L0R0_ED_slice004,347,True,3,3,4,1,11,3388,1694,2.6513075113143714e-07,-3.725290298461914e-09,2.643857044404285e-07,False
31,C5L0R0,ED,5,C5L0R0_ED_slice005,348,True,3,3,4,1,11,2714,1357,1.0542908967181575e-05,-5.960464477539063e-08,1.0530988220125437e-05,False
31,C5L0R0,ED,6,C5L0R0_ED_slice006,349,True,3,3,4,1,11,2671,1335,1.0734927855082788e-05,6.332993507385254e-08,1.0747593478299677e-05,False
31,C5L0R0,ED,7,C5L0R0_ED_slice007,350,True,3,3,4,1,11,1905,952,2.0493459942372283e-06,-8.568167686462402e-08,2.0322097498137737e-06,False
31,C5L0R0,ED,8,C5L0R0_ED_slice008,351,True,3,3,4,1,11,1275,637,4.537872882792726e-06,-5.960464477539063e-08,4.525952135736588e-06,False
31,C5L0R0,ED,9,C5L0R0_ED_slice009,352,True,3,3,4,1,11,716,358,4.829559657082427e-06,1.862645149230957e-08,4.833284947380889e-06,False
31,C5L0R0,ED,10,C5L0R0_ED_slice010,353,True,3,3,3,0,0,0,0,6.450227374443784e-06,1.3245476715439963e-08,6.452876277762698e-06,False
31,C5L0R0,ED,11,C5L0R0_ED_slice011,354,True,3,3,3,0,0,0,0,6.442875928769354e-06,-1.059638137235197e-07,6.421683337975992e-06,False
31,C5L0R0,ES,0,C5L0R0_ES_slice000,355,True,3,3,4,1,11,64,32,4.0223671931016725e-06,1.1175870895385742e-08,4.0246022763312794e-06,False
31,C5L0R0,ES,1,C5L0R0_ES_slice001,356,True,3,3,4,1,11,874,437,4.063255687469791e-07,-8.195638656616211e-08,3.899342857494048e-07,False
31,C5L0R0,ES,2,C5L0R0_ES_slice002,357,True,3,3,4,1,12,96,48,2.118062809586263e-07,-1.862645149230957e-08,2.080809906601644e-07,False
31,C5L0R0,ES,3,C5L0R0_ES_slice003,358,True,3,3,4,1,11,1409,704,7.798927981639281e-06,1.4901161193847656e-08,7.80190839577699e-06,False
31,C5L0R0,ES,4,C5L0R0_ES_slice004,359,True,3,3,4,1,11,2544,1272,5.7088905123237055e-06,-4.842877388000488e-08,5.699204848497175e-06,False
31,C5L0R0,ES,5,C5L0R0_ES_slice005,360,True,3,3,4,1,11,2338,1169,3.116195148322731e-05,4.470348358154297e-08,3.1170893635135144e-05,False
31,C5L0R0,ES,6,C5L0R0_ES_slice006,361,True,3,3,4,1,11,2108,1054,3.190282222931273e-05,0.0,3.190282222931273e-05,False
31,C5L0R0,ES,7,C5L0R0_ES_slice007,362,True,3,3,4,1,11,1691,845,1.385320138069801e-05,6.332993507385254e-08,1.38658670039149e-05,False
31,C5L0R0,ES,8,C5L0R0_ES_slice008,363,True,3,3,4,1,11,1136,568,4.539286692306632e-06,-9.685754776000977e-08,4.519915364653571e-06,False
31,C5L0R0,ES,9,C5L0R0_ES_slice009,364,True,3,3,4,1,11,707,353,2.588879624454421e-06,-7.450580596923828e-09,2.587389417385566e-06,False
31,C5L0R0,ES,10,C5L0R0_ES_slice010,365,True,3,3,3,0,0,0,0,3.4324696116527775e-06,7.947286206899662e-08,3.4483641684346367e-06,False
31,C5L0R0,ES,11,C5L0R0_ES_slice011,366,True,3,3,3,0,0,0,0,3.434572136029601e-06,-1.1920928955078125e-07,3.4107301871699747e-06,False
31,D1L6T4,ED,0,D1L6T4_ED_slice000,367,True,3,3,3,0,0,0,0,3.4363999930064892e-06,4.635916894812908e-08,3.4456718367437134e-06,False
31,D1L6T4,ED,1,D1L6T4_ED_slice001,368,True,3,3,3,0,0,0,0,3.438027079027961e-06,0.0,3.438027079027961e-06,False
31,D1L6T4,ED,2,D1L6T4_ED_slice002,369,True,3,3,4,1,1,2,1,3.3309877380816033e-06,-4.842877388000488e-08,3.3213020742550725e-06,False
31,D1L6T4,ED,3,D1L6T4_ED_slice003,370,True,3,3,4,1,10,840,420,2.868757292162627e-06,-7.450580596923828e-09,2.867267085093772e-06,False
31,D1L6T4,ED,4,D1L6T4_ED_slice004,371,True,3,3,4,1,11,1345,672,1.2122594853281043e-05,0.0,1.2122594853281043e-05,False
31,D1L6T4,ED,5,D1L6T4_ED_slice005,372,True,3,3,4,1,10,1800,900,8.717068340047263e-06,1.4901161193847656e-08,8.720048754184972e-06,False
31,D1L6T4,ED,6,D1L6T4_ED_slice006,373,True,3,3,4,1,11,2128,1064,2.331291852897266e-06,0.0,2.331291852897266e-06,False
31,D1L6T4,ED,7,D1L6T4_ED_slice007,374,True,3,3,4,1,11,2314,1157,2.4295097773574525e-06,-3.725290298461914e-09,2.428764673823025e-06,False
31,D1L6T4,ED,8,D1L6T4_ED_slice008,375,True,3,3,4,1,11,1591,795,1.1993385669484269e-05,2.2351741790771484e-08,1.1997855835943483e-05,False
31,D1L6T4,ED,9,D1L6T4_ED_slice009,376,True,3,3,4,1,11,782,391,3.812036311501288e-06,0.0,3.812036311501288e-06,False
31,D1L6T4,ED,10,D1L6T4_ED_slice010,377,True,3,3,3,0,0,0,0,2.5733013899298385e-05,3.973643103449831e-08,2.5740961064002477e-05,False
31,D1L6T4,ED,11,D1L6T4_ED_slice011,378,True,3,3,3,0,0,0,0,2.561748078733217e-05,0.0,2.561748078733217e-05,False
31,D1L6T4,ES,0,D1L6T4_ES_slice000,379,True,3,3,3,0,0,0,0,2.5425306375836954e-05,-1.1920928955078125e-07,2.5401464881724678e-05,False
31,D1L6T4,ES,1,D1L6T4_ES_slice001,380,True,3,3,3,0,0,0,0,2.5155504772556014e-05,-2.6490953430879927e-08,2.5150206056423485e-05,False
31,D1L6T4,ES,2,D1L6T4_ES_slice002,381,True,3,3,3,0,0,0,0,2.4793749616947025e-05,2.6490953430879927e-08,2.4799048333079554e-05,False
31,D1L6T4,ES,3,D1L6T4_ES_slice003,382,True,3,3,3,0,0,0,0,2.4322576791746542e-05,-3.311369312086754e-08,2.431595385132823e-05,False
31,D1L6T4,ES,4,D1L6T4_ES_slice004,383,True,3,3,4,1,11,506,253,8.759538104641251e-06,7.450580596923828e-08,8.774439265835099e-06,False
31,D1L6T4,ES,5,D1L6T4_ES_slice005,384,True,3,3,4,1,11,857,428,2.3291704565053806e-06,-4.0978193283081055e-08,2.3209747723740293e-06,False
31,D1L6T4,ES,6,D1L6T4_ES_slice006,385,True,3,3,4,1,11,1217,608,9.666521236795234e-07,-7.450580596923828e-09,9.651620302975061e-07,False
31,D1L6T4,ES,7,D1L6T4_ES_slice007,386,True,3,3,4,1,11,927,463,9.651079153627506e-07,6.332993507385254e-08,9.777738796401536e-07,False
31,D1L6T4,ES,8,D1L6T4_ES_slice008,387,True,3,3,4,1,10,360,180,1.0120656952494755e-06,-5.21540641784668e-08,1.0016349278885173e-06,False
31,D1L6T4,ES,9,D1L6T4_ES_slice009,388,True,3,3,3,0,0,0,0,1.2842340311181033e-06,0.0,1.2842340311181033e-06,False
31,D1L6T4,ES,10,D1L6T4_ES_slice010,389,True,3,3,4,1,11,235,117,7.696671104895358e-07,0.0,7.696671104895358e-07,False
31,D1L6T4,ES,11,D1L6T4_ES_slice011,390,True,3,3,4,1,4,8,4,1.0416859367978759e-05,7.450580596923828e-09,1.0418349120300263e-05,False
31,D1S5T8,ED,0,D1S5T8_ED_slice000,391,True,3,3,3,0,0,0,0,1.5399002222693525e-05,-9.934107225717526e-08,1.5379133401438594e-05,False
31,D1S5T8,ED,1,D1S5T8_ED_slice001,392,True,3,3,3,0,0,0,0,1.5398385585285723e-05,0.0,1.5398385585285723e-05,False
31,D1S5T8,ED,2,D1S5T8_ED_slice002,393,True,3,3,4,1,11,582,291,1.0509594176255632e-05,-1.1920928955078125e-07,1.0485752682143357e-05,False
31,D1S5T8,ED,3,D1S5T8_ED_slice003,394,True,3,3,4,1,11,1951,975,9.177013453154359e-06,-6.332993507385254e-08,9.16434782993747e-06,False
31,D1S5T8,ED,4,D1S5T8_ED_slice004,395,True,3,3,4,1,11,2473,1236,1.041424911818467e-05,-8.940696716308594e-08,1.0396367542853113e-05,False
31,D1S5T8,ED,5,D1S5T8_ED_slice005,396,True,3,3,4,1,11,2906,1453,1.0413310519652441e-05,7.450580596923828e-09,1.0414800271973945e-05,False
31,D1S5T8,ED,6,D1S5T8_ED_slice006,397,True,3,3,4,1,11,2747,1373,4.2113301788049284e-06,-6.705522537231445e-08,4.197919224679936e-06,False
31,D1S5T8,ED,7,D1S5T8_ED_slice007,398,True,3,3,4,1,11,3102,1551,2.8351946639304515e-06,0.0,2.8351946639304515e-06,False
31,D1S5T8,ED,8,D1S5T8_ED_slice008,399,True,3,3,4,1,10,1440,720,1.9553905076463707e-05,7.450580596923828e-09,1.955539482878521e-05,False
31,D1S5T8,ED,9,D1S5T8_ED_slice009,400,True,3,3,3,0,0,0,0,9.181995665130671e-06,1.9868215517249155e-08,9.185969247482717e-06,False
31,D1S5T8,ED,10,D1S5T8_ED_slice010,401,True,3,3,3,0,0,0,0,9.159285582427401e-06,-7.947286206899662e-08,9.143391253019217e-06,False
31,D1S5T8,ES,0,D1S5T8_ES_slice000,402,True,3,3,3,0,0,0,0,9.110821338254027e-06,0.0,9.110821338254027e-06,False
31,D1S5T8,ES,1,D1S5T8_ES_slice001,403,True,3,3,3,0,0,0,0,9.039898941409774e-06,-9.271833789625816e-08,9.021355253935326e-06,False
31,D1S5T8,ES,2,D1S5T8_ES_slice002,404,True,3,3,4,1,11,635,317,1.0846614713955205e-05,6.332993507385254e-08,1.0859280337172095e-05,False
31,D1S5T8,ES,3,D1S5T8_ES_slice003,405,True,3,3,4,1,11,1715,857,8.993752089736518e-06,9.313225746154785e-08,9.012378541228827e-06,False
31,D1S5T8,ES,4,D1S5T8_ES_slice004,406,True,3,3,4,1,11,2174,1087,8.795154826657381e-06,7.450580596923828e-09,8.796644578978885e-06,False
31,D1S5T8,ES,5,D1S5T8_ES_slice005,407,True,3,3,4,1,11,2368,1184,8.662918844493106e-06,2.9802322387695312e-08,8.668879672768526e-06,False
31,D1S5T8,ES,6,D1S5T8_ES_slice006,408,True,3,3,4,1,11,2426,1213,2.6211686417809688e-05,-1.862645149230957e-08,2.6207961127511226e-05,False
31,D1S5T8,ES,7,D1S5T8_ES_slice007,409,True,3,3,4,1,11,1178,589,2.068409003186389e-06,-4.842877388000488e-08,2.058723339359858e-06,False
31,D1S5T8,ES,8,D1S5T8_ES_slice008,410,True,3,3,4,1,10,40,20,2.610956107673701e-05,8.195638656616211e-08,2.612595199025236e-05,False
31,D1S5T8,ES,9,D1S5T8_ES_slice009,411,True,3,3,3,0,0,0,0,3.439182182773948e-05,-1.5894572413799324e-07,3.436003316892311e-05,False
31,D1S5T8,ES,10,D1S5T8_ES_slice010,412,True,3,3,3,0,0,0,0,3.431492586969398e-05,0.0,3.431492586969398e-05,False
31,E0J2Z9,ED,0,E0J2Z9_ED_slice000,413,True,3,3,3,0,0,0,0,3.421352812438272e-05,1.9868215517249155e-08,3.4217500797240064e-05,False
31,E0J2Z9,ED,1,E0J2Z9_ED_slice001,414,True,3,3,3,0,0,0,0,3.409129931242205e-05,-4.635916894812908e-08,3.4082026104442775e-05,False
31,E0J2Z9,ED,2,E0J2Z9_ED_slice002,415,True,3,3,4,1,11,314,157,2.5116640244959854e-05,-7.450580596923828e-09,2.511515049263835e-05,False
31,E0J2Z9,ED,3,E0J2Z9_ED_slice003,416,True,3,3,4,1,11,1056,528,2.4100592781906016e-05,1.862645149230957e-08,2.4104318072204478e-05,False
31,E0J2Z9,ED,4,E0J2Z9_ED_slice004,417,True,3,3,4,1,11,1483,741,3.358647518325597e-05,5.587935447692871e-08,3.3597651054151356e-05,False
31,E0J2Z9,ED,5,E0J2Z9_ED_slice005,418,True,3,3,4,1,11,1864,932,1.2946909919264726e-05,-1.862645149230957e-08,1.2943184628966264e-05,False
31,E0J2Z9,ED,6,E0J2Z9_ED_slice006,419,True,3,3,4,1,10,2220,1110,1.3821364518662449e-05,1.4901161193847656e-08,1.3824344932800159e-05,False
31,E0J2Z9,ED,7,E0J2Z9_ED_slice007,420,True,3,3,4,1,10,2621,1310,1.3347042113309726e-05,7.450580596923828e-09,1.334853186563123e-05,False
31,E0J2Z9,ED,8,E0J2Z9_ED_slice008,421,True,3,3,4,1,11,2684,1342,3.28905662172474e-05,1.30385160446167e-07,3.291664324933663e-05,False
31,E0J2Z9,ED,9,E0J2Z9_ED_slice009,422,True,3,3,4,1,11,2735,1367,2.066572051262483e-05,-6.705522537231445e-08,2.0652309103752486e-05,False
31,E0J2Z9,ED,10,E0J2Z9_ED_slice010,423,True,3,3,4,1,11,2265,1132,2.0173307348159142e-05,-4.470348358154297e-08,2.0164367015240714e-05,False
31,E0J2Z9,ED,11,E0J2Z9_ED_slice011,424,True,3,3,3,0,0,0,0,3.9858350646682084e-05,5.960464477539063e-08,3.987027230323292e-05,False
31,E0J2Z9,ED,12,E0J2Z9_ED_slice012,425,True,3,3,4,1,11,22,11,8.471538421872538e-06,-9.685754776000977e-08,8.452167094219476e-06,False
31,E0J2Z9,ED,13,E0J2Z9_ED_slice013,426,True,3,3,3,0,0,0,0,3.625319732236676e-05,0.0,3.625319732236676e-05,False
31,E0J2Z9,ES,0,E0J2Z9_ES_slice000,427,True,3,3,3,0,0,0,0,3.6253164580557495e-05,7.285012060265217e-08,3.62677346856799e-05,False
31,E0J2Z9,ES,1,E0J2Z9_ES_slice001,428,True,3,3,3,0,0,0,0,3.62560895155184e-05,6.622738357719982e-09,3.625741373980418e-05,False
31,E0J2Z9,ES,2,E0J2Z9_ES_slice002,429,True,3,3,3,0,0,0,0,3.625412136898376e-05,0.0,3.625412136898376e-05,False
31,E0J2Z9,ES,3,E0J2Z9_ES_slice003,430,True,3,3,4,1,11,524,262,1.897543370432686e-05,-6.705522537231445e-08,1.8962022295454517e-05,False
31,E0J2Z9,ES,4,E0J2Z9_ES_slice004,431,True,3,3,4,1,11,983,491,6.63122864352772e-06,3.3527612686157227e-08,6.637934347963892e-06,False
31,E0J2Z9,ES,5,E0J2Z9_ES_slice005,432,True,3,3,4,1,11,1226,613,5.499726739799371e-06,1.862645149230957e-08,5.503452030097833e-06,False
31,E0J2Z9,ES,6,E0J2Z9_ES_slice006,433,True,3,3,4,1,11,1592,796,3.269985427323263e-06,2.9802322387695312e-08,3.275945800851332e-06,False
31,E0J2Z9,ES,7,E0J2Z9_ES_slice007,434,True,3,3,4,1,11,1973,986,3.6541782719723415e-06,5.960464477539063e-08,3.6660992464021547e-06,False
31,E0J2Z9,ES,8,E0J2Z9_ES_slice008,435,True,3,3,4,1,11,2025,1012,2.957810238513048e-06,-7.450580596923828e-09,2.956320031444193e-06,False
31,E0J2Z9,ES,9,E0J2Z9_ES_slice009,436,True,3,3,4,1,11,826,413,3.2082596135296626e-06,2.60770320892334e-08,3.2134751108969795e-06,False
31,E0J2Z9,ES,10,E0J2Z9_ES_slice010,437,True,3,3,3,0,0,0,0,4.290636752557475e-06,2.6490953430879927e-08,4.295935013942653e-06,False
31,E0J2Z9,ES,11,E0J2Z9_ES_slice011,438,True,3,3,3,0,0,0,0,4.2906954149657395e-06,-1.1258655518986416e-07,4.268178145139245e-06,False
31,E0J2Z9,ES,12,E0J2Z9_ES_slice012,439,True,3,3,3,0,0,0,0,4.2904312067548744e-06,6.622738624173508e-08,4.3036766328441445e-06,False
31,E0J2Z9,ES,13,E0J2Z9_ES_slice013,440,True,3,3,3,0,0,0,0,4.290397100703558e-06,1.1920928955078125e-07,4.314239049563184e-06,False
31,E1L7M3,ED,0,E1L7M3_ED_slice000,441,True,3,3,3,0,0,0,0,4.290373908588663e-06,-4.635916894812908e-08,4.281102064851439e-06,False
31,E1L7M3,ED,1,E1L7M3_ED_slice001,442,True,3,3,3,0,0,0,0,4.290302058507223e-06,1.9868215517249155e-08,4.294275640859269e-06,False
31,E1L7M3,ED,2,E1L7M3_ED_slice002,443,True,3,3,4,1,11,171,85,3.208585667380248e-06,-3.725290298461914e-09,3.2078405638458207e-06,False
31,E1L7M3,ED,3,E1L7M3_ED_slice003,444,True,3,3,3,0,0,0,0,2.6923694349534344e-06,6.622738624173508e-08,2.7056148610427044e-06,False
31,E1L7M3,ED,4,E1L7M3_ED_slice004,445,True,3,3,4,1,11,2651,1325,2.0266231786081335e-06,0.0,2.0266231786081335e-06,False
31,E1L7M3,ED,5,E1L7M3_ED_slice005,446,True,3,3,4,1,11,2562,1281,1.509971571067581e-05,-5.21540641784668e-08,1.5089284715941176e-05,False
31,E1L7M3,ED,6,E1L7M3_ED_slice006,447,True,3,3,4,1,11,2278,1139,0.00016410450916737318,-2.2351741790771484e-08,0.00016410004172939807,False
31,E1L7M3,ED,7,E1L7M3_ED_slice007,448,True,3,3,4,1,11,1839,919,5.115266685606912e-05,-1.4901161193847656e-08,5.114968735142611e-05,False
31,E1L7M3,ED,8,E1L7M3_ED_slice008,449,True,3,3,4,1,11,1590,795,8.45066642796155e-06,-2.60770320892334e-08,8.445451385341585e-06,False
31,E1L7M3,ED,9,E1L7M3_ED_slice009,450,True,3,3,4,1,10,1121,560,7.927615115477238e-07,1.4901161193847656e-08,7.957417551551771e-07,False
31,E1L7M3,ED,10,E1L7M3_ED_slice010,451,True,3,3,4,1,10,720,360,8.688193702255376e-07,-1.862645149230957e-08,8.650940799270757e-07,False
31,E1L7M3,ED,11,E1L7M3_ED_slice011,452,True,3,3,3,0,0,0,0,1.0042065241577802e-06,0.0,1.0042065241577802e-06,False
31,E1L7M3,ED,12,E1L7M3_ED_slice012,453,True,3,3,3,0,0,0,0,1.0032559885075898e-06,6.622738357719982e-09,1.0045805538538843e-06,False
31,E1L7M3,ES,0,E1L7M3_ES_slice000,454,True,3,3,3,0,0,0,0,1.0023363756772596e-06,7.285012060265217e-08,1.0169063671128242e-06,False
31,E1L7M3,ES,1,E1L7M3_ES_slice001,455,True,3,3,3,0,0,0,0,1.0015146472142078e-06,-2.6490953430879927e-08,9.962164995158673e-07,False
31,E1L7M3,ES,2,E1L7M3_ES_slice002,456,True,3,3,3,0,0,0,0,1.0008253639171016e-06,1.3245476715439963e-08,1.0034744946096907e-06,False
31,E1L7M3,ES,3,E1L7M3_ES_slice003,457,True,3,3,3,0,0,0,0,1.000197130451852e-06,1.3245476715439963e-08,1.002846261144441e-06,False
31,E1L7M3,ES,4,E1L7M3_ES_slice004,458,True,3,3,4,1,11,1242,621,1.6427325135737192e-06,4.842877388000488e-08,1.6524182910870877e-06,False
31,E1L7M3,ES,5,E1L7M3_ES_slice005,459,True,3,3,4,1,10,1820,910,8.413730029133148e-06,-1.4901161193847656e-08,8.410749614995439e-06,False
31,E1L7M3,ES,6,E1L7M3_ES_slice006,460,True,3,3,4,1,10,1720,860,2.092367321893107e-05,7.450580596923828e-09,2.0925162971252576e-05,False
31,E1L7M3,ES,7,E1L7M3_ES_slice007,461,True,3,3,4,1,11,1442,721,1.711351978883613e-05,4.842877388000488e-08,1.712320590741001e-05,False
31,E1L7M3,ES,8,E1L7M3_ES_slice008,462,True,3,3,4,1,11,1212,606,1.8954522602143697e-05,-7.450580596923828e-09,1.8953032849822193e-05,False
31,E1L7M3,ES,9,E1L7M3_ES_slice009,463,True,3,3,4,1,11,754,377,5.563528702623444e-06,5.587935447692871e-08,5.574704573518829e-06,False
31,E1L7M3,ES,10,E1L7M3_ES_slice010,464,True,3,3,4,1,11,511,255,3.098336264883983e-06,-3.3527612686157227e-08,3.0916307878214866e-06,False
31,E1L7M3,ES,11,E1L7M3_ES_slice011,465,True,3,3,3,0,0,0,0,4.045331024826737e-06,-1.3245476715439963e-08,4.0426821215078235e-06,False
31,E1L7M3,ES,12,E1L7M3_ES_slice012,466,True,3,3,3,0,0,0,0,4.044501110911369e-06,1.4570024120530434e-07,4.073641321156174e-06,False
31,E4H7L4,ED,0,E4H7L4_ED_slice000,467,True,3,3,3,0,0,0,0,4.04381398766418e-06,2.6490953430879927e-08,4.049112249049358e-06,False
31,E4H7L4,ED,1,E4H7L4_ED_slice001,468,True,3,3,3,0,0,0,0,4.04423462896375e-06,1.4570024120530434e-07,4.0733748392085545e-06,False
31,E4H7L4,ED,2,E4H7L4_ED_slice002,469,True,3,3,4,1,11,709,354,3.0304388474178268e-06,0.0,3.0304388474178268e-06,False
31,E4H7L4,ED,3,E4H7L4_ED_slice003,470,True,3,3,4,1,11,1329,664,3.179932491548243e-06,3.3527612686157227e-08,3.1866379686107393e-06,False
31,E4H7L4,ED,4,E4H7L4_ED_slice004,471,True,3,3,4,1,11,1789,894,4.963247192790732e-06,6.332993507385254e-08,4.9759132707549725e-06,False
31,E4H7L4,ED,5,E4H7L4_ED_slice005,472,True,3,3,4,1,11,2355,1177,3.828560238616774e-06,1.2665987014770508e-07,3.853892394545255e-06,False
31,E4H7L4,ED,6,E4H7L4_ED_slice006,473,True,3,3,4,1,11,2902,1451,9.741608664626256e-06,-1.1175870895385742e-07,9.719256922835484e-06,False
31,E4H7L4,ED,7,E4H7L4_ED_slice007,474,True,3,3,4,1,11,3383,1691,5.939990296610631e-05,-6.705522537231445e-08,5.938649337622337e-05,False
31,E4H7L4,ED,8,E4H7L4_ED_slice008,475,True,3,3,4,1,11,3611,1805,1.3402560398390051e-05,-7.450580596923828e-09,1.3401070646068547e-05,False
31,E4H7L4,ED,9,E4H7L4_ED_slice009,476,True,3,3,4,1,11,3844,1922,1.3569846487371251e-05,-2.9802322387695312e-08,1.3563885659095831e-05,False
31,E4H7L4,ED,10,E4H7L4_ED_slice010,477,True,3,3,4,1,11,4269,2134,9.839480298978742e-06,-2.9802322387695312e-08,9.833519470703322e-06,False
31,E4H7L4,ED,11,E4H7L4_ED_slice011,478,True,3,3,4,1,11,3759,1879,8.817528396320995e-06,7.450580596923828e-09,8.819018148642499e-06,False
31,E4H7L4,ED,12,E4H7L4_ED_slice012,479,True,3,3,4,1,11,3394,1697,4.147827348788269e-05,-7.450580596923828e-09,4.147678191657178e-05,False
31,E4H7L4,ED,13,E4H7L4_ED_slice013,480,True,3,3,4,1,11,1208,604,6.4695686887716874e-06,-3.3527612686157227e-08,6.462862984335516e-06,False
31,E4H7L4,ED,14,E4H7L4_ED_slice014,481,True,3,3,3,0,0,0,0,7.080201612552628e-06,0.0,7.080201612552628e-06,False
31,E4H7L4,ES,0,E4H7L4_ES_slice000,482,True,3,3,3,0,0,0,0,7.068758804962272e-06,-1.5894572413799324e-07,7.0369696913985536e-06,False
31,E4H7L4,ES,1,E4H7L4_ES_slice001,483,True,3,3,3,0,0,0,0,7.049043233564589e-06,1.059638137235197e-07,7.070235824357951e-06,False
31,E4H7L4,ES,2,E4H7L4_ES_slice002,484,True,3,3,4,1,11,437,218,7.38831977287191e-06,8.568167686462402e-08,7.405456017295364e-06,False
31,E4H7L4,ES,3,E4H7L4_ES_slice003,485,True,3,3,4,1,11,984,492,2.8269776066736085e-06,1.862645149230957e-08,2.8307028969720704e-06,False
31,E4H7L4,ES,4,E4H7L4_ES_slice004,486,True,3,3,4,1,11,1377,688,3.711601721079205e-06,-5.21540641784668e-08,3.701170953718247e-06,False
31,E4H7L4,ES,5,E4H7L4_ES_slice005,487,True,3,3,4,1,11,1837,918,3.725220039996202e-06,-8.195638656616211e-08,3.7088286717334995e-06,False
31,E4H7L4,ES,6,E4H7L4_ES_slice006,488,True,3,3,4,1,11,2454,1227,2.9923328384029446e-06,-4.470348358154297e-08,2.983392050737166e-06,False
31,E4H7L4,ES,7,E4H7L4_ES_slice007,489,True,3,3,4,1,11,2814,1407,2.883612978621386e-06,7.82310962677002e-08,2.899259243349661e-06,False
31,E4H7L4,ES,8,E4H7L4_ES_slice008,490,True,3,3,4,1,11,2986,1493,5.918250280956272e-06,-2.2351741790771484e-08,5.913780114497058e-06,False
31,E4H7L4,ES,9,E4H7L4_ES_slice009,491,True,3,3,4,1,11,3429,1714,5.921665433561429e-06,-9.685754776000977e-08,5.902294105908368e-06,False
31,E4H7L4,ES,10,E4H7L4_ES_slice010,492,True,3,3,4,1,11,3593,1796,8.345280548383016e-06,4.0978193283081055e-08,8.353476005140692e-06,False
31,E4H7L4,ES,11,E4H7L4_ES_slice011,493,True,3,3,4,1,11,2264,1132,5.197350219532382e-06,0.0,5.197350219532382e-06,False
31,E4H7L4,ES,12,E4H7L4_ES_slice012,494,True,3,3,4,1,10,861,430,4.379659912956413e-06,-2.9802322387695312e-08,4.373699539428344e-06,False
31,E4H7L4,ES,13,E4H7L4_ES_slice013,495,True,3,3,4,1,11,454,227,3.0752207749173976e-06,-2.9802322387695312e-08,3.0692604013893288e-06,False
31,E4H7L4,ES,14,E4H7L4_ES_slice014,496,True,3,3,3,0,0,0,0,6.624384241149528e-06,1.1920928955078125e-07,6.648226190009154e-06,False
31,E5J6L2,ED,0,E5J6L2_ED_slice000,497,True,3,3,3,0,0,0,0,6.623682111239759e-06,5.960464477539063e-08,6.635602858295897e-06,False
31,E5J6L2,ED,1,E5J6L2_ED_slice001,498,True,3,3,4,1,11,327,163,4.898345196124865e-06,-2.2351741790771484e-08,4.893875029665651e-06,False
31,E5J6L2,ED,2,E5J6L2_ED_slice002,499,True,3,3,4,1,11,879,439,1.7537580788484775e-05,0.0,1.7537580788484775e-05,False
31,E5J6L2,ED,3,E5J6L2_ED_slice003,500,True,3,3,4,1,11,2151,1075,1.7135118469013833e-05,-1.0803341865539551e-07,1.7113512512878515e-05,False
31,E5J6L2,ED,4,E5J6L2_ED_slice004,501,True,3,3,4,1,11,2050,1025,1.7129024854511954e-05,2.9802322387695312e-08,1.7134985682787374e-05,False
31,E5J6L2,ED,5,E5J6L2_ED_slice005,502,True,3,3,4,1,11,1785,892,1.7691334505798295e-05,4.470348358154297e-08,1.7700274838716723e-05,False
31,E5J6L2,ED,6,E5J6L2_ED_slice006,503,True,3,3,4,1,11,1291,645,0.008429348468780518,8.940696716308594e-08,0.008429366163909435,False
31,E5J6L2,ED,7,E5J6L2_ED_slice007,504,True,3,3,4,1,11,894,447,0.0014093209756538272,1.1548399925231934e-07,0.001409344025887549,False
31,E5J6L2,ED,8,E5J6L2_ED_slice008,505,True,3,3,4,1,11,510,255,6.3103019783739e-05,1.1175870895385742e-07,6.312537152552977e-05,False
31,E5J6L2,ED,9,E5J6L2_ED_slice009,506,True,3,3,3,0,0,0,0,5.75345620745793e-06,-6.622738357719982e-09,5.752131528424798e-06,False
31,E5J6L2,ED,10,E5J6L2_ED_slice010,507,True,3,3,3,0,0,0,0,5.6978919928951655e-06,-1.1920928955078125e-07,5.674050044035539e-06,False
31,E5J6L2,ED,11,E5J6L2_ED_slice011,508,True,3,3,3,0,0,0,0,5.647238594974624e-06,1.655684656043377e-07,5.6803523875714745e-06,False
31,E5J6L2,ES,0,E5J6L2_ES_slice000,509,True,3,3,3,0,0,0,0,5.602948021987686e-06,3.973643103449831e-08,5.610895186691778e-06,False
31,E5J6L2,ES,1,E5J6L2_ES_slice001,510,True,3,3,3,0,0,0,0,5.56640452487045e-06,-5.298190686175985e-08,5.555808002100093e-06,False
31,E5J6L2,ES,2,E5J6L2_ES_slice002,511,True,3,3,4,1,11,270,135,7.757620551274158e-06,4.0978193283081055e-08,7.765816008031834e-06,False
31,E5J6L2,ES,3,E5J6L2_ES_slice003,512,True,3,3,4,1,11,794,397,2.6060472464450868e-06,0.0,2.6060472464450868e-06,False
31,E5J6L2,ES,4,E5J6L2_ES_slice004,513,True,3,3,4,1,11,1164,582,2.328157648889828e-07,0.0,2.328157648889828e-07,False
31,E5J6L2,ES,5,E5J6L2_ES_slice005,514,True,3,3,4,1,11,1023,511,2.3986990527191665e-07,-1.043081283569336e-07,2.1900828528487182e-07,False
31,E5J6L2,ES,6,E5J6L2_ES_slice006,515,True,3,3,4,1,11,562,281,2.8235598392711836e-07,0.0,2.8235598392711836e-07,False
31,E5J6L2,ES,7,E5J6L2_ES_slice007,516,True,3,3,4,1,11,531,265,5.031959631196514e-07,-8.195638656616211e-08,4.868047085437865e-07,False
31,E5J6L2,ES,8,E5J6L2_ES_slice008,517,True,3,3,4,1,11,266,133,6.089041448831267e-07,-7.450580596923828e-09,6.074140515011095e-07,False
31,E5J6L2,ES,9,E5J6L2_ES_slice009,518,True,3,3,3,0,0,0,0,6.901319693497499e-07,5.960464477539063e-08,7.020528869361442e-07,False
31,E5J6L2,ES,10,E5J6L2_ES_slice010,519,True,3,3,3,0,0,0,0,6.870969855299336e-07,2.6490953430879927e-08,6.923951900716929e-07,False
31,E5J6L2,ES,11,E5J6L2_ES_slice011,520,True,3,3,3,0,0,0,0,6.857003995719424e-07,6.622738357719982e-09,6.870249649182369e-07,False
31,E6H0V9,ED,0,E6H0V9_ED_slice000,521,True,3,3,3,0,0,0,0,6.852167757642746e-07,5.960464477539063e-08,6.97137693350669e-07,False
31,E6H0V9,ED,1,E6H0V9_ED_slice001,522,True,3,3,3,0,0,0,0,6.832701728853863e-07,0.0,6.832701728853863e-07,False
31,E6H0V9,ED,2,E6H0V9_ED_slice002,523,True,3,3,4,1,10,461,230,5.283054065330361e-07,2.9802322387695312e-08,5.342658937479428e-07,False
31,E6H0V9,ED,3,E6H0V9_ED_slice003,524,True,3,3,4,1,11,2908,1454,7.172554319367919e-07,-7.450580596923828e-09,7.157653385547746e-07,False
31,E6H0V9,ED,4,E6H0V9_ED_slice004,525,True,3,3,4,1,11,2835,1417,7.4871422839351e-07,-7.450580596923828e-09,7.472241350114928e-07,False
31,E6H0V9,ED,5,E6H0V9_ED_slice005,526,True,3,3,4,1,11,2574,1287,0.00036554367397911847,-3.3527612686157227e-08,0.0003655369800981134,False
31,E6H0V9,ED,6,E6H0V9_ED_slice006,527,True,3,3,4,1,11,2113,1056,0.00010333560931030661,1.862645149230957e-08,0.00010333933460060507,False
31,E6H0V9,ED,7,E6H0V9_ED_slice007,528,True,3,3,4,1,11,1283,641,0.00010231764463242143,6.705522537231445e-08,0.00010233105422230437,False
31,E6H0V9,ED,8,E6H0V9_ED_slice008,529,True,3,3,4,1,11,675,337,9.301077807322145e-05,4.0978193283081055e-08,9.301897080149502e-05,False
31,E6H0V9,ED,9,E6H0V9_ED_slice009,530,True,3,3,3,0,0,0,0,9.680516086518764e-06,-3.311369312086754e-08,9.673893146100454e-06,False
31,E6H0V9,ED,10,E6H0V9_ED_slice010,531,True,3,3,3,0,0,0,0,9.653669621911831e-06,0.0,9.653669621911831e-06,False
31,E6H0V9,ES,0,E6H0V9_ES_slice000,532,True,3,3,3,0,0,0,0,9.628160114516504e-06,-7.947286206899662e-08,9.61226578510832e-06,False
31,E6H0V9,ES,1,E6H0V9_ES_slice001,533,True,3,3,3,0,0,0,0,9.60533998295432e-06,5.298190686175985e-08,9.615936505724676e-06,False
31,E6H0V9,ES,2,E6H0V9_ES_slice002,534,True,3,3,3,0,0,0,0,9.58623149927007e-06,-1.1920928955078125e-07,9.562390005157795e-06,False
31,E6H0V9,ES,3,E6H0V9_ES_slice003,535,True,3,3,4,1,11,945,472,1.7436116195312934e-07,-1.1175870895385742e-08,1.7212599345839408e-07,False
31,E6H0V9,ES,4,E6H0V9_ES_slice004,536,True,3,3,4,1,11,2227,1113,1.1675717104253636e-07,3.725290298461914e-09,1.1750223194439968e-07,False
31,E6H0V9,ES,5,E6H0V9_ES_slice005,537,True,3,3,4,1,11,1964,982,9.1869929974564e-07,3.3527612686157227e-08,9.254048336515552e-07,False
31,E6H0V9,ES,6,E6H0V9_ES_slice006,538,True,3,3,4,1,11,1672,836,2.410837680599798e-07,0.0,2.410837680599798e-07,False
31,E6H0V9,ES,7,E6H0V9_ES_slice007,539,True,3,3,4,1,11,869,434,6.117145971984428e-07,0.0,6.117145971984428e-07,False
31,E6H0V9,ES,8,E6H0V9_ES_slice008,540,True,3,3,4,1,11,590,295,1.2550713108794298e-06,2.2351741790771484e-08,1.2595417047123192e-06,False
31,E6H0V9,ES,9,E6H0V9_ES_slice009,541,True,3,3,3,0,0,0,0,1.5017538999018143e-06,0.0,1.5017538999018143e-06,False
31,E6H0V9,ES,10,E6H0V9_ES_slice010,542,True,3,3,3,0,0,0,0,1.5005598470452242e-06,-1.059638137235197e-07,1.4793670288781868e-06,False
31,F6J9L9,ED,0,F6J9L9_ED_slice000,543,True,3,3,4,1,11,42,21,1.0733386943684309e-06,7.450580596923828e-08,1.0882398555622785e-06,False
31,F6J9L9,ED,1,F6J9L9_ED_slice001,544,True,3,3,4,1,11,1314,657,1.0277219644194702e-06,0.0,1.0277219644194702e-06,False
31,F6J9L9,ED,2,F6J9L9_ED_slice002,545,True,3,3,4,1,11,3603,1801,5.5411956054740585e-06,6.332993507385254e-08,5.553861683438299e-06,False
31,F6J9L9,ED,3,F6J9L9_ED_slice003,546,True,3,3,4,1,11,3583,1791,5.101558053866029e-05,7.450580596923828e-09,5.1017072109971195e-05,False
31,F6J9L9,ED,4,F6J9L9_ED_slice004,547,True,3,3,4,1,10,3401,1700,4.2329753341618925e-05,1.862645149230957e-08,4.233347863191739e-05,False
31,F6J9L9,ED,5,F6J9L9_ED_slice005,548,True,3,3,4,1,11,2930,1465,4.2327854316681623e-05,-1.1920928955078125e-07,4.2304011003579944e-05,False
31,F6J9L9,ED,6,F6J9L9_ED_slice006,549,True,3,3,4,1,11,2696,1348,4.2390471207909286e-05,0.0,4.2390471207909286e-05,False
31,F6J9L9,ED,7,F6J9L9_ED_slice007,550,True,3,3,4,1,11,2175,1087,2.342327934456989e-05,-3.725290298461914e-09,2.3422533558914438e-05,False
31,F6J9L9,ED,8,F6J9L9_ED_slice008,551,True,3,3,4,1,11,1656,828,1.9585037080105394e-05,1.1175870895385742e-08,1.9587272618082352e-05,False
31,F6J9L9,ED,9,F6J9L9_ED_slice009,552,True,3,3,4,1,10,921,460,2.002506698772777e-05,2.2351741790771484e-08,2.0029538063681684e-05,False
31,F6J9L9,ED,10,F6J9L9_ED_slice010,553,True,3,3,4,1,11,187,93,1.711185905151069e-05,2.2351741790771484e-08,1.7116330127464607e-05,False
31,F6J9L9,ED,11,F6J9L9_ED_slice011,554,True,3,3,3,0,0,0,0,4.2048814066220075e-06,-5.298190686175985e-08,4.194284883851651e-06,False
31,F6J9L9,ED,12,F6J9L9_ED_slice012,555,True,3,3,3,0,0,0,0,4.202403033559676e-06,5.960464477539063e-08,4.214323780615814e-06,False
31,F6J9L9,ED,13,F6J9L9_ED_slice013,556,True,3,3,3,0,0,0,0,4.202724539936753e-06,5.960464477539063e-08,4.214645286992891e-06,False
31,F6J9L9,ES,0,F6J9L9_ES_slice000,557,True,3,3,4,1,11,254,127,3.1697672966402024e-06,0.0,3.1697672966402024e-06,False
31,F6J9L9,ES,1,F6J9L9_ES_slice001,558,True,3,3,4,1,10,501,250,7.471258868463337e-06,-7.450580596923828e-09,7.4697686613944825e-06,False
31,F6J9L9,ES,2,F6J9L9_ES_slice002,559,True,3,3,4,1,1,2,1,9.505396519671194e-06,5.21540641784668e-08,9.515827514405828e-06,False
31,F6J9L9,ES,3,F6J9L9_ES_slice003,560,True,3,3,4,1,11,1354,677,1.3496821338776499e-05,-8.940696716308594e-08,1.3478939763444941e-05,False
31,F6J9L9,ES,4,F6J9L9_ES_slice004,561,True,3,3,4,1,11,2646,1323,1.960454483196372e-06,4.0978193283081055e-08,1.9686501673277235e-06,False
31,F6J9L9,ES,5,F6J9L9_ES_slice005,562,True,3,3,4,1,11,2345,1172,2.1776286303065717e-06,-4.470348358154297e-08,2.168687842640793e-06,False
31,F6J9L9,ES,6,F6J9L9_ES_slice006,563,True,3,3,4,1,11,2118,1059,1.6278688690363197e-06,-6.705522537231445e-08,1.6144578012244892e-06,False
31,F6J9L9,ES,7,F6J9L9_ES_slice007,564,True,3,3,4,1,11,1579,789,3.767730504478095e-06,-1.2665987014770508e-07,3.742398575923289e-06,False
31,F6J9L9,ES,8,F6J9L9_ES_slice008,565,True,3,3,4,1,11,1211,605,1.0041102541435976e-05,3.3527612686157227e-08,1.0047808245872147e-05,False
31,F6J9L9,ES,9,F6J9L9_ES_slice009,566,True,3,3,4,1,11,676,338,3.7315351164579624e-06,3.3527612686157227e-08,3.7382405935204588e-06,False
31,F6J9L9,ES,10,F6J9L9_ES_slice010,567,True,3,3,3,0,0,0,0,4.576021638058592e-06,3.311369312086754e-08,4.582644578476902e-06,False
31,F6J9L9,ES,11,F6J9L9_ES_slice011,568,True,3,3,3,0,0,0,0,4.575821549224202e-06,5.960464477539063e-08,4.587742296280339e-06,False
31,F6J9L9,ES,12,F6J9L9_ES_slice012,569,True,3,3,3,0,0,0,0,4.5745159695798066e-06,1.3245476715439963e-08,4.57716487289872e-06,False
31,F6J9L9,ES,13,F6J9L9_ES_slice013,570,True,3,3,3,0,0,0,0,4.573884780256776e-06,-1.3245476715439963e-08,4.5712358769378625e-06,False
31,F9M1R2,ED,0,F9M1R2_ED_slice000,571,True,3,3,3,0,0,0,0,4.573709247779334e-06,-7.947286206899662e-08,4.557814463623799e-06,False
31,F9M1R2,ED,1,F9M1R2_ED_slice001,572,True,3,3,3,0,0,0,0,4.572388206725009e-06,1.3245476715439963e-08,4.5750371100439224e-06,False
31,F9M1R2,ED,2,F9M1R2_ED_slice002,573,True,3,3,4,1,11,1179,589,3.4546035294624744e-06,2.2351741790771484e-08,3.4590739232953638e-06,False
31,F9M1R2,ED,3,F9M1R2_ED_slice003,574,True,3,3,4,1,11,3062,1531,3.5733578442886937e-06,5.960464477539063e-08,3.585278818718507e-06,False
31,F9M1R2,ED,4,F9M1R2_ED_slice004,575,True,3,3,4,1,11,2852,1426,2.361332008149475e-06,-4.842877388000488e-08,2.351646344322944e-06,False
31,F9M1R2,ED,5,F9M1R2_ED_slice005,576,True,3,3,4,1,11,2498,1249,3.074383130297065e-05,-5.21540641784668e-08,3.0733401217730716e-05,False
31,F9M1R2,ED,6,F9M1R2_ED_slice006,577,True,3,3,4,1,10,2061,1030,3.139757609460503e-05,6.332993507385254e-08,3.141024353681132e-05,False
31,F9M1R2,ED,7,F9M1R2_ED_slice007,578,True,3,3,4,1,10,1661,830,5.6487901019863784e-05,7.078051567077637e-08,5.650205639540218e-05,False
31,F9M1R2,ED,8,F9M1R2_ED_slice008,579,True,3,3,4,1,11,1326,663,6.250704700505594e-06,1.1175870895385742e-08,6.252939783735201e-06,False
31,F9M1R2,ED,9,F9M1R2_ED_slice009,580,True,3,3,4,1,11,723,361,8.507645361532923e-06,-8.940696716308594e-08,8.489763786201365e-06,False
31,F9M1R2,ED,10,F9M1R2_ED_slice010,581,True,3,3,3,0,0,0,0,1.1206435374333523e-05,5.298190686175985e-08,1.121703189710388e-05,False
31,F9M1R2,ED,11,F9M1R2_ED_slice011,582,True,3,3,3,0,0,0,0,1.1206257113371976e-05,8.609559642991371e-08,1.1223476576560643e-05,False
31,F9M1R2,ES,0,F9M1R2_ES_slice000,583,True,3,3,3,0,0,0,0,1.1202713722013868e-05,-7.947286206899662e-08,1.1186819392605685e-05,False
31,F9M1R2,ES,1,F9M1R2_ES_slice001,584,True,3,3,3,0,0,0,0,1.1202846508240327e-05,0.0,1.1202846508240327e-05,False
31,F9M1R2,ES,2,F9M1R2_ES_slice002,585,True,3,3,3,0,0,0,0,1.120258639275562e-05,4.635916894812908e-08,1.1211857781745493e-05,False
31,F9M1R2,ES,3,F9M1R2_ES_slice003,586,True,3,3,4,1,11,756,378,6.1131795519031584e-06,7.450580596923828e-08,6.128080713097006e-06,False
31,F9M1R2,ES,4,F9M1R2_ES_slice004,587,True,3,3,4,1,11,1895,947,4.349959272076376e-05,-2.2351741790771484e-08,4.349512164480984e-05,False
31,F9M1R2,ES,5,F9M1R2_ES_slice005,588,True,3,3,4,1,11,1755,877,1.6816362403915264e-05,-8.940696716308594e-08,1.6798481738078408e-05,False
31,F9M1R2,ES,6,F9M1R2_ES_slice006,589,True,3,3,4,1,11,1394,697,1.3179924280848354e-05,0.0,1.3179924280848354e-05,False
31,F9M1R2,ES,7,F9M1R2_ES_slice007,590,True,3,3,4,1,10,1001,500,9.74838258116506e-06,-5.960464477539063e-08,9.736461834108923e-06,False
31,F9M1R2,ES,8,F9M1R2_ES_slice008,591,True,3,3,4,1,11,709,354,4.544288458419032e-06,-5.587935447692871e-08,4.533112587523647e-06,False
31,F9M1R2,ES,9,F9M1R2_ES_slice009,592,True,3,3,4,1,15,59,29,4.154038379056146e-06,-1.862645149230957e-08,4.1503130887576845e-06,False
31,F9M1R2,ES,10,F9M1R2_ES_slice010,593,True,3,3,3,0,0,0,0,5.4410188567999285e-06,-1.5894572413799324e-07,5.40922974323621e-06,False
31,F9M1R2,ES,11,F9M1R2_ES_slice011,594,True,3,3,3,0,0,0,0,5.440970198833384e-06,6.622738357719982e-09,5.442294877866516e-06,False
31,G1J5K3,ED,0,G1J5K3_ED_slice000,595,True,3,3,3,0,0,0,0,5.440916083898628e-06,1.655684656043377e-07,5.474029876495479e-06,False
31,G1J5K3,ED,1,G1J5K3_ED_slice001,596,True,3,3,4,1,11,213,106,4.1674634303490166e-06,2.2351741790771484e-08,4.1719335968082305e-06,False
31,G1J5K3,ED,2,G1J5K3_ED_slice002,597,True,3,3,4,1,11,586,293,4.243665443937061e-06,1.4901161193847656e-08,4.246645858074771e-06,False
31,G1J5K3,ED,3,G1J5K3_ED_slice003,598,True,3,3,4,1,11,1179,589,1.7704376205074368e-06,-3.725290298461914e-08,1.762987039910513e-06,False
31,G1J5K3,ED,4,G1J5K3_ED_slice004,599,True,3,3,4,1,11,1604,802,2.4831279006320983e-06,-7.450580596923828e-09,2.4816376935632434e-06,False
31,G1J5K3,ED,5,G1J5K3_ED_slice005,600,True,3,3,4,1,11,2049,1024,2.1436369479488349e-07,1.862645149230957e-08,2.180889850933454e-07,False
31,G1J5K3,ED,6,G1J5K3_ED_slice006,601,True,3,3,4,1,11,2334,1167,0.00024904432939365506,4.0978193283081055e-08,0.00024905253667384386,False
31,G1J5K3,ED,7,G1J5K3_ED_slice007,602,True,3,3,4,1,11,2573,1286,0.0002777943154796958,1.1548399925231934e-07,0.00027781742392107844,False
31,G1J5K3,ED,8,G1J5K3_ED_slice008,603,True,3,3,4,1,11,2714,1357,0.0002762458461802453,5.21540641784668e-08,0.0002762562653515488,False
31,G1J5K3,ED,9,G1J5K3_ED_slice009,604,True,3,3,4,1,11,1984,992,2.0089861209271476e-05,2.60770320892334e-08,2.009507625189144e-05,False
31,G1J5K3,ED,10,G1J5K3_ED_slice010,605,True,3,3,4,1,11,888,444,5.011382654629415e-06,0.0,5.011382654629415e-06,False
31,G1J5K3,ED,11,G1J5K3_ED_slice011,606,True,3,3,3,0,0,0,0,7.425412150041666e-06,5.298190686175985e-08,7.436008672812022e-06,False
31,G1J5K3,ED,12,G1J5K3_ED_slice012,607,True,3,3,3,0,0,0,0,7.42117708796286e-06,-1.3245476715439963e-08,7.418528184643947e-06,False
31,G1J5K3,ES,0,G1J5K3_ES_slice000,608,True,3,3,3,0,0,0,0,7.420680503855692e-06,5.298190686175985e-08,7.431277026626049e-06,False
31,G1J5K3,ES,1,G1J5K3_ES_slice001,609,True,3,3,3,0,0,0,0,7.417674169118982e-06,3.311369312086754e-08,7.424297109537292e-06,False
31,G1J5K3,ES,2,G1J5K3_ES_slice002,610,True,3,3,4,1,11,553,276,1.4328665201901458e-05,5.21540641784668e-08,1.4339096196636092e-05,False
31,G1J5K3,ES,3,G1J5K3_ES_slice003,611,True,3,3,4,1,11,943,471,4.2606666283973027e-07,2.2351741790771484e-08,4.305369998292008e-07,False
31,G1J5K3,ES,4,G1J5K3_ES_slice004,612,True,3,3,4,1,11,1299,649,3.1386224463858525e-07,-8.195638656616211e-08,2.9747096164101094e-07,False
31,G1J5K3,ES,5,G1J5K3_ES_slice005,613,True,3,3,4,1,11,1622,811,3.01689937032279e-07,6.332993507385254e-08,3.1435592973139137e-07,False
31,G1J5K3,ES,6,G1J5K3_ES_slice006,614,True,3,3,4,1,11,1819,909,3.0285988827927213e-07,-7.450580596923828e-08,2.8795872708542447e-07,False
31,G1J5K3,ES,7,G1J5K3_ES_slice007,615,True,3,3,4,1,11,1873,936,5.281560333969537e-06,7.450580596923828e-09,5.283050541038392e-06,False
31,G1J5K3,ES,8,G1J5K3_ES_slice008,616,True,3,3,4,1,11,1192,596,4.1905510443029925e-05,2.9802322387695312e-08,4.191146945231594e-05,False
31,G1J5K3,ES,9,G1J5K3_ES_slice009,617,True,3,3,4,1,11,768,384,4.654168151319027e-05,6.705522537231445e-08,4.655509110307321e-05,False
31,G1J5K3,ES,10,G1J5K3_ES_slice010,618,True,3,3,4,1,6,12,6,2.012038203247357e-05,-2.2351741790771484e-08,2.0115910956519656e-05,False
31,G1J5K3,ES,11,G1J5K3_ES_slice011,619,True,3,3,3,0,0,0,0,1.0782068784465082e-05,6.622738624173508e-08,1.0795314665301703e-05,False
31,G1J5K3,ES,12,G1J5K3_ES_slice012,620,True,3,3,3,0,0,0,0,1.078051354852505e-05,-1.5894572413799324e-07,1.0748723980213981e-05,False
31,G4I7V2,ED,0,G4I7V2_ED_slice000,621,True,3,3,4,1,11,124,62,7.434383405779954e-06,-1.2665987014770508e-07,7.409051249851473e-06,False
31,G4I7V2,ED,1,G4I7V2_ED_slice001,622,True,3,3,4,1,11,979,489,1.5471308643100201e-06,3.725290298461914e-09,1.5478759678444476e-06,False
31,G4I7V2,ED,2,G4I7V2_ED_slice002,623,True,3,3,4,1,11,1565,782,4.979543177796586e-07,-2.9802322387695312e-08,4.91993830564752e-07,False
31,G4I7V2,ED,3,G4I7V2_ED_slice003,624,True,3,3,4,1,11,2590,1295,4.7494972932327073e-07,-6.705522537231445e-08,4.615386899331497e-07,False
31,G4I7V2,ED,4,G4I7V2_ED_slice004,625,True,3,3,4,1,11,3845,1922,7.313627179428295e-07,0.0,7.313627179428295e-07,False
31,G4I7V2,ED,5,G4I7V2_ED_slice005,626,True,3,3,4,1,11,3643,1821,3.309901512693614e-05,-3.725290298461914e-08,3.3091564546339214e-05,False
31,G4I7V2,ED,6,G4I7V2_ED_slice006,627,True,3,3,4,1,11,3584,1792,1.529984365333803e-05,-5.21540641784668e-08,1.5289413568098098e-05,False
31,G4I7V2,ED,7,G4I7V2_ED_slice007,628,True,3,3,4,1,10,3021,1510,1.4974893019825686e-05,2.2351741790771484e-08,1.49793631862849e-05,False
31,G4I7V2,ED,8,G4I7V2_ED_slice008,629,True,3,3,4,1,11,2654,1327,6.5436147451691795e-06,3.725290298461914e-09,6.5443596213299315e-06,False
31,G4I7V2,ED,9,G4I7V2_ED_slice009,630,True,3,3,4,1,11,2176,1088,3.117245569228544e-06,-2.2351741790771484e-08,3.1127751753956545e-06,False
31,G4I7V2,ED,10,G4I7V2_ED_slice010,631,True,3,3,4,1,11,1614,807,1.2942857665620977e-06,-2.9802322387695312e-08,1.288325279347191e-06,False
31,G4I7V2,ED,11,G4I7V2_ED_slice011,632,True,3,3,4,1,11,904,452,1.0813523658725899e-06,2.2351741790771484e-08,1.0858227597054793e-06,False
31,G4I7V2,ED,12,G4I7V2_ED_slice012,633,True,3,3,4,1,3,6,3,8.571253715672356e-07,-5.21540641784668e-08,8.466945473628584e-07,False
31,G4I7V2,ED,13,G4I7V2_ED_slice013,634,True,3,3,3,0,0,0,0,1.574959242134355e-06,9.271833789625816e-08,1.5935029296088032e-06,False
31,G4I7V2,ES,0,G4I7V2_ES_slice000,635,True,3,3,3,0,0,0,0,1.5747344832561794e-06,-2.6490953430879927e-08,1.569436335557839e-06,False
31,G4I7V2,ES,1,G4I7V2_ES_slice001,636,True,3,3,4,1,10,321,160,1.1658836456263089e-06,8.940696716308594e-08,1.183764993584191e-06,False
31,G4I7V2,ES,2,G4I7V2_ES_slice002,637,True,3,3,4,1,1,1,1,5.002797252018354e-07,0.0,5.002797252018354e-07,False
31,G4I7V2,ES,3,G4I7V2_ES_slice003,638,True,3,3,4,1,11,963,481,1.1694673048623372e-05,-2.9802322387695312e-08,1.1688712220347952e-05,False
31,G4I7V2,ES,4,G4I7V2_ES_slice004,639,True,3,3,4,1,11,1530,765,7.040571290417574e-06,-4.470348358154297e-08,7.0316305027517956e-06,False
31,G4I7V2,ES,5,G4I7V2_ES_slice005,640,True,3,3,4,1,11,2303,1151,5.420668458100408e-06,-2.60770320892334e-08,5.4154529607330915e-06,False
31,G4I7V2,ES,6,G4I7V2_ES_slice006,641,True,3,3,4,1,11,2553,1276,7.320655299736245e-07,1.4901161193847656e-08,7.350457735810778e-07,False
31,G4I7V2,ES,7,G4I7V2_ES_slice007,642,True,3,3,4,1,11,2068,1034,4.998415192858374e-07,3.725290298461914e-09,5.00586565976846e-07,False
31,G4I7V2,ES,8,G4I7V2_ES_slice008,643,True,3,3,4,1,11,1763,881,2.655548598795576e-07,6.705522537231445e-08,2.7896589926967863e-07,False
31,G4I7V2,ES,9,G4I7V2_ES_slice009,644,True,3,3,4,1,11,1552,776,2.325368058109234e-07,8.195638656616211e-08,2.48928074597643e-07,False
31,G4I7V2,ES,10,G4I7V2_ES_slice010,645,True,3,3,4,1,11,1155,577,8.530469131073914e-06,-3.725290298461914e-08,8.52301855047699e-06,False
31,G4I7V2,ES,11,G4I7V2_ES_slice011,646,True,3,3,4,1,11,416,208,8.673440788697917e-06,3.725290298461914e-08,8.68089136929484e-06,False
31,G4I7V2,ES,12,G4I7V2_ES_slice012,647,True,3,3,4,1,1,1,1,1.8880431525758468e-05,-1.862645149230957e-08,1.8876706235460006e-05,False
31,G4I7V2,ES,13,G4I7V2_ES_slice013,648,True,3,3,3,0,0,0,0,2.7787289582192898e-05,-1.3245476715439963e-08,2.7784641133621335e-05,False
31,G8K0M3,ED,0,G8K0M3_ED_slice000,649,True,3,3,3,0,0,0,0,2.7783380573964678e-05,1.059638137235197e-07,2.780457361950539e-05,False
31,G8K0M3,ED,1,G8K0M3_ED_slice001,650,True,3,3,3,0,0,0,0,2.7780666641774587e-05,-6.622738357719982e-09,2.7779342417488806e-05,False
31,G8K0M3,ED,2,G8K0M3_ED_slice002,651,True,3,3,4,1,11,322,161,1.950324440258555e-05,-7.450580596923828e-09,1.9501754650264047e-05,False
31,G8K0M3,ED,3,G8K0M3_ED_slice003,652,True,3,3,4,1,10,881,440,1.9575634723878466e-05,-2.9802322387695312e-08,1.9569673895603046e-05,False
31,G8K0M3,ED,4,G8K0M3_ED_slice004,653,True,3,3,4,1,11,1453,726,5.1594837714219466e-05,-4.0978193283081055e-08,5.158664134796709e-05,False
31,G8K0M3,ED,5,G8K0M3_ED_slice005,654,True,3,3,4,1,11,1853,926,3.512249531922862e-05,1.1175870895385742e-08,3.5124729038216174e-05,False
31,G8K0M3,ED,6,G8K0M3_ED_slice006,655,True,3,3,4,1,11,2345,1172,3.4407472412567586e-05,5.21540641784668e-08,3.441790249780752e-05,False
31,G8K0M3,ED,7,G8K0M3_ED_slice007,656,True,3,3,4,1,11,2639,1319,3.33449752361048e-05,1.5273690223693848e-07,3.337552334414795e-05,False
31,G8K0M3,ED,8,G8K0M3_ED_slice008,657,True,3,3,4,1,11,2785,1392,2.4779646992101334e-05,4.470348358154297e-08,2.4788587325019762e-05,False
31,G8K0M3,ED,9,G8K0M3_ED_slice009,658,True,3,3,4,1,11,2899,1449,3.4576358302729204e-05,-4.470348358154297e-08,3.456741615082137e-05,False
31,G8K0M3,ED,10,G8K0M3_ED_slice010,659,True,3,3,4,1,11,2693,1346,3.45805128745269e-05,0.0,3.45805128745269e-05,False
31,G8K0M3,ED,11,G8K0M3_ED_slice011,660,True,3,3,3,0,0,0,0,4.513070598477498e-05,0.0,4.513070598477498e-05,False
31,G8K0M3,ED,12,G8K0M3_ED_slice012,661,True,3,3,3,0,0,0,0,4.509877544478513e-05,0.0,4.509877544478513e-05,False
31,G8K0M3,ES,0,G8K0M3_ES_slice000,662,True,3,3,3,0,0,0,0,4.5058557589072734e-05,-6.622738357719982e-09,4.505723336478695e-05,False
31,G8K0M3,ES,1,G8K0M3_ES_slice001,663,True,3,3,3,0,0,0,0,4.501015064306557e-05,-1.3245476715439963e-08,4.500750219449401e-05,False
31,G8K0M3,ES,2,G8K0M3_ES_slice002,664,True,3,3,4,1,11,219,109,3.3652166166575626e-05,6.705522537231445e-08,3.3665575756458566e-05,False
31,G8K0M3,ES,3,G8K0M3_ES_slice003,665,True,3,3,4,1,10,740,370,1.587668066349579e-06,-5.21540641784668e-08,1.5772372989886208e-06,False
31,G8K0M3,ES,4,G8K0M3_ES_slice004,666,True,3,3,4,1,11,1306,653,6.930838480911916e-07,-7.450580596923828e-09,6.915937547091744e-07,False
31,G8K0M3,ES,5,G8K0M3_ES_slice005,667,True,3,3,4,1,11,1659,829,8.682380894242669e-07,8.568167686462402e-08,8.853744475345593e-07,False
31,G8K0M3,ES,6,G8K0M3_ES_slice006,668,True,3,3,4,1,11,2078,1039,8.376849791602581e-07,-7.450580596923828e-09,8.361948857782409e-07,False
31,G8K0M3,ES,7,G8K0M3_ES_slice007,669,True,3,3,4,1,11,2313,1156,3.868340172630269e-07,-9.685754776000977e-08,3.6746251907970873e-07,False
31,G8K0M3,ES,8,G8K0M3_ES_slice008,670,True,3,3,4,1,11,2465,1232,3.872756337841565e-07,-7.450580596923828e-09,3.857855119804299e-07,False
31,G8K0M3,ES,9,G8K0M3_ES_slice009,671,True,3,3,4,1,10,2481,1240,7.663616656827799e-07,-7.450580596923828e-09,7.648715723007626e-07,False
31,G8K0M3,ES,10,G8K0M3_ES_slice010,672,True,3,3,4,1,11,1436,718,4.591868673742283e-06,2.9802322387695312e-08,4.597829047270352e-06,False
31,G8K0M3,ES,11,G8K0M3_ES_slice011,673,True,3,3,4,1,11,486,243,4.729976353701204e-06,-7.450580596923828e-09,4.728486146632349e-06,False
31,G8K0M3,ES,12,G8K0M3_ES_slice012,674,True,3,3,4,1,1,1,1,6.164041678857757e-06,4.470348358154297e-08,6.1729824665235355e-06,False
31,G8L0Z0,ED,0,G8L0Z0_ED_slice000,675,True,3,3,3,0,0,0,0,8.83944630913902e-06,-5.298190686175985e-08,8.828849786368664e-06,False
31,G8L0Z0,ED,1,G8L0Z0_ED_slice001,676,True,3,3,3,0,0,0,0,8.836287634039763e-06,0.0,8.836287634039763e-06,False
31,G8L0Z0,ED,2,G8L0Z0_ED_slice002,677,True,3,3,4,1,10,81,40,6.1586838455696125e-06,5.960464477539063e-08,6.17060459262575e-06,False
31,G8L0Z0,ED,3,G8L0Z0_ED_slice003,678,True,3,3,4,1,11,1471,735,1.621532101125922e-05,0.0,1.621532101125922e-05,False
31,G8L0Z0,ED,4,G8L0Z0_ED_slice004,679,True,3,3,4,1,11,3291,1645,0.00013622667756862938,1.043081283569336e-07,0.00013624754501506686,False
31,G8L0Z0,ED,5,G8L0Z0_ED_slice005,680,True,3,3,4,1,11,3143,1571,0.0004344867484178394,0.0,0.0004344867484178394,False
31,G8L0Z0,ED,6,G8L0Z0_ED_slice006,681,True,3,3,4,1,11,2848,1424,0.0007531530573032796,-7.450580596923828e-09,0.0007531515439040959,False
31,G8L0Z0,ED,7,G8L0Z0_ED_slice007,682,True,3,3,4,1,11,2455,1227,0.0005519261467270553,3.725290298461914e-09,0.0005519269034266472,False
31,G8L0Z0,ED,8,G8L0Z0_ED_slice008,683,True,3,3,4,1,11,2054,1027,2.929928268713411e-05,-1.043081283569336e-07,2.9278420697664842e-05,False
31,G8L0Z0,ED,9,G8L0Z0_ED_slice009,684,True,3,3,4,1,11,1452,726,5.070857241662452e-06,-1.1175870895385742e-07,5.0485054998716805e-06,False
31,G8L0Z0,ED,10,G8L0Z0_ED_slice010,685,True,3,3,4,1,11,767,383,2.223502860942972e-06,-1.1175870895385742e-08,2.221267777713365e-06,False
31,G8L0Z0,ED,11,G8L0Z0_ED_slice011,686,True,3,3,3,0,0,0,0,7.885278137109708e-07,-4.635916894812908e-08,7.792559699737467e-07,False
31,G8L0Z0,ED,12,G8L0Z0_ED_slice012,687,True,3,3,3,0,0,0,0,7.891997029219056e-07,0.0,7.891997029219056e-07,False
31,G8L0Z0,ED,13,G8L0Z0_ED_slice013,688,True,3,3,3,0,0,0,0,7.879614258854417e-07,1.1258655518986416e-07,8.104787525553547e-07,False
31,G8L0Z0,ES,0,G8L0Z0_ES_slice000,689,True,3,3,3,0,0,0,0,7.884890464993077e-07,1.4570024120530434e-07,8.176290862138558e-07,False
31,G8L0Z0,ES,1,G8L0Z0_ES_slice001,690,True,3,3,3,0,0,0,0,7.875278242863715e-07,-3.973643103449831e-08,7.795805458954419e-07,False
31,G8L0Z0,ES,2,G8L0Z0_ES_slice002,691,True,3,3,4,1,13,53,26,5.563601348512748e-07,1.1175870895385742e-08,5.585953317677195e-07,False
31,G8L0Z0,ES,3,G8L0Z0_ES_slice003,692,True,3,3,4,1,11,887,443,5.650824164149526e-07,-5.960464477539063e-08,5.531614988285583e-07,False
31,G8L0Z0,ES,4,G8L0Z0_ES_slice004,693,True,3,3,4,1,10,1401,700,1.5736304703750648e-07,1.862645149230957e-08,1.610883373359684e-07,False
31,G8L0Z0,ES,5,G8L0Z0_ES_slice005,694,True,3,3,4,1,11,2555,1277,5.276705223877798e-07,-4.470348358154297e-08,5.187298484088387e-07,False
31,G8L0Z0,ES,6,G8L0Z0_ES_slice006,695,True,3,3,4,1,11,2462,1231,5.068112045591988e-07,-9.313225746154785e-08,4.881847530668892e-07,False
31,G8L0Z0,ES,7,G8L0Z0_ES_slice007,696,True,3,3,4,1,11,2076,1038,5.502427029568935e-07,-1.4901161193847656e-08,5.472624593494402e-07,False
31,G8L0Z0,ES,8,G8L0Z0_ES_slice008,697,True,3,3,4,1,11,1804,902,0.004657121375203133,4.470348358154297e-08,0.0046571302227675915,False
31,G8L0Z0,ES,9,G8L0Z0_ES_slice009,698,True,3,3,4,1,11,1213,606,0.002697474556043744,-8.940696716308594e-08,0.0026974566280841827,False
31,G8L0Z0,ES,10,G8L0Z0_ES_slice010,699,True,3,3,4,1,11,752,376,2.4498037873854628e-06,3.725290298461914e-08,2.4572543679823866e-06,False
31,G8L0Z0,ES,11,G8L0Z0_ES_slice011,700,True,3,3,3,0,0,0,0,3.3151363822980784e-06,-5.298190686175985e-08,3.3045400869013974e-06,False
31,G8L0Z0,ES,12,G8L0Z0_ES_slice012,701,True,3,3,3,0,0,0,0,3.2228078907792224e-06,5.298190686175985e-08,3.2334041861759033e-06,False
31,G8L0Z0,ES,13,G8L0Z0_ES_slice013,702,True,3,3,3,0,0,0,0,3.144815764244413e-06,1.1920928955078125e-07,3.1686577131040394e-06,False
31,H6P7T1,ED,0,H6P7T1_ED_slice000,703,True,3,3,4,1,11,405,202,2.2370609258359764e-06,8.568167686462402e-08,2.254197170259431e-06,False
31,H6P7T1,ED,1,H6P7T1_ED_slice001,704,True,3,3,4,1,11,1184,592,1.2051019666614593e-06,2.60770320892334e-08,1.2103173503419384e-06,False
31,H6P7T1,ED,2,H6P7T1_ED_slice002,705,True,3,3,4,1,11,1905,952,1.1913073194591561e-06,-1.7881393432617188e-07,1.1555445098565542e-06,False
31,H6P7T1,ED,3,H6P7T1_ED_slice003,706,True,3,3,4,1,11,3427,1713,1.045049657477648e-06,7.078051567077637e-08,1.0592057151370682e-06,False
31,H6P7T1,ED,4,H6P7T1_ED_slice004,707,True,3,3,4,1,11,3508,1754,0.00012655474711209536,-2.9802322387695312e-08,0.00012654878082685173,False
31,H6P7T1,ED,5,H6P7T1_ED_slice005,708,True,3,3,4,1,11,3139,1569,0.00012474240793380886,1.1175870895385742e-08,0.00012474464892875403,False
31,H6P7T1,ED,6,H6P7T1_ED_slice006,709,True,3,3,4,1,11,2814,1407,0.00012372597120702267,1.043081283569336e-07,0.00012374683865346014,False
31,H6P7T1,ED,7,H6P7T1_ED_slice007,710,True,3,3,4,1,11,2193,1096,0.0016755334800109267,1.4901161193847656e-08,0.0016755365068092942,False
31,H6P7T1,ED,8,H6P7T1_ED_slice008,711,True,3,3,4,1,10,1440,720,0.000529286393430084,3.3527612686157227e-08,0.000529293087311089,False
31,H6P7T1,ED,9,H6P7T1_ED_slice009,712,True,3,3,4,1,11,507,253,2.990084112752811e-06,5.960464477539063e-08,3.0020050871826243e-06,False
31,H6P7T1,ED,10,H6P7T1_ED_slice010,713,True,3,3,4,1,14,57,28,3.940195711038541e-06,-2.60770320892334e-08,3.934980213671224e-06,False
31,H6P7T1,ED,11,H6P7T1_ED_slice011,714,True,3,3,3,0,0,0,0,4.927858753944747e-06,-1.3245476715439963e-08,4.9252098506258335e-06,False
31,H6P7T1,ES,0,H6P7T1_ES_slice000,715,True,3,3,3,0,0,0,0,4.914629244012758e-06,-5.298190686175985e-08,4.904032721242402e-06,False
31,H6P7T1,ES,1,H6P7T1_ES_slice001,716,True,3,3,3,0,0,0,0,4.901439297100296e-06,0.0,4.901439297100296e-06,False
31,H6P7T1,ES,2,H6P7T1_ES_slice002,717,True,3,3,4,1,7,14,7,4.11022574553499e-06,1.862645149230957e-08,4.113951035833452e-06,False
31,H6P7T1,ES,3,H6P7T1_ES_slice003,718,True,3,3,4,1,11,2618,1309,3.338569513289258e-06,1.1175870895385742e-08,3.340804596518865e-06,False
31,H6P7T1,ES,4,H6P7T1_ES_slice004,719,True,3,3,4,1,11,2695,1347,1.1130265420433716e-06,3.725290298461914e-09,1.113771645577799e-06,False
31,H6P7T1,ES,5,H6P7T1_ES_slice005,720,True,3,3,4,1,11,2539,1269,3.561042944966175e-07,-2.2351741790771484e-08,3.51633957507147e-07,False
31,H6P7T1,ES,6,H6P7T1_ES_slice006,721,True,3,3,4,1,11,1808,904,4.223371797706932e-05,-1.6763806343078613e-07,4.220019036438316e-05,False
31,H6P7T1,ES,7,H6P7T1_ES_slice007,722,True,3,3,4,1,11,1237,618,2.928189314843621e-05,0.0,2.928189314843621e-05,False
31,H6P7T1,ES,8,H6P7T1_ES_slice008,723,True,3,3,4,1,11,1167,583,8.727919521334115e-06,1.4901161193847656e-08,8.730899935471825e-06,False
31,H6P7T1,ES,9,H6P7T1_ES_slice009,724,True,3,3,4,1,11,288,144,8.251351573562715e-06,4.842877388000488e-08,8.261037692136597e-06,False
31,H6P7T1,ES,10,H6P7T1_ES_slice010,725,True,3,3,3,0,0,0,0,3.0573320941584825e-07,0.0,3.0573320941584825e-07,False
31,H6P7T1,ES,11,H6P7T1_ES_slice011,726,True,3,3,3,0,0,0,0,3.0717254162482277e-07,0.0,3.0717254162482277e-07,False
31,I4L4V7,ED,0,I4L4V7_ED_slice000,727,True,3,3,4,1,11,82,41,1.9020990293938667e-07,-3.725290298461914e-08,1.8275932234246284e-07,False
31,I4L4V7,ED,1,I4L4V7_ED_slice001,728,True,3,3,4,1,11,813,406,1.8252039524213615e-07,0.0,1.8252039524213615e-07,False
31,I4L4V7,ED,2,I4L4V7_ED_slice002,729,True,3,3,4,1,10,960,480,2.6014065497292904e-06,5.960464477539063e-08,2.6133275241591036e-06,False
31,I4L4V7,ED,3,I4L4V7_ED_slice003,730,True,3,3,4,1,11,2750,1375,2.3389475245494395e-06,-4.470348358154297e-08,2.3300067368836608e-06,False
31,I4L4V7,ED,4,I4L4V7_ED_slice004,731,True,3,3,4,1,11,3363,1681,5.131309535499895e-06,7.078051567077637e-08,5.145465820532991e-06,False
31,I4L4V7,ED,5,I4L4V7_ED_slice005,732,True,3,3,4,1,10,3220,1610,5.055164365330711e-06,1.4901161193847656e-08,5.058144779468421e-06,False
31,I4L4V7,ED,6,I4L4V7_ED_slice006,733,True,3,3,4,1,11,2616,1308,0.00175370869692415,-7.450580596923828e-09,0.0017537071835249662,False
31,I4L4V7,ED,7,I4L4V7_ED_slice007,734,True,3,3,4,1,11,2269,1134,2.9887161872466095e-05,7.450580596923828e-09,2.98886516247876e-05,False
31,I4L4V7,ED,8,I4L4V7_ED_slice008,735,True,3,3,4,1,11,1589,794,4.3604835809674114e-05,-3.725290298461914e-08,4.359738522907719e-05,False
31,I4L4V7,ED,9,I4L4V7_ED_slice009,736,True,3,3,4,1,10,1201,600,2.0560160919558257e-05,-1.043081283569336e-07,2.053929893008899e-05,False
31,I4L4V7,ED,10,I4L4V7_ED_slice010,737,True,3,3,4,1,11,438,219,5.0286984333069995e-05,2.60770320892334e-08,5.0292201194679365e-05,False
31,I4L4V7,ED,11,I4L4V7_ED_slice011,738,True,3,3,3,0,0,0,0,8.182766760000959e-05,-6.622738624173508e-08,8.181442535715178e-05,False
31,I4L4V7,ED,12,I4L4V7_ED_slice012,739,True,3,3,3,0,0,0,0,8.179821452358738e-05,1.3245476715439963e-08,8.180086297215894e-05,False
31,I4L4V7,ES,0,I4L4V7_ES_slice000,740,True,3,3,3,0,0,0,0,8.174258982762694e-05,-1.1920928955078125e-07,8.171874651452526e-05,False
31,I4L4V7,ES,1,I4L4V7_ES_slice001,741,True,3,3,4,1,11,351,175,6.349875184241682e-05,2.60770320892334e-08,6.350396870402619e-05,False
31,I4L4V7,ES,2,I4L4V7_ES_slice002,742,True,3,3,4,1,11,675,337,1.7453501641284674e-05,4.470348358154297e-08,1.7462441974203102e-05,False
31,I4L4V7,ES,3,I4L4V7_ES_slice003,743,True,3,3,4,1,11,976,488,1.7300082618021406e-05,0.0,1.7300082618021406e-05,False
31,I4L4V7,ES,4,I4L4V7_ES_slice004,744,True,3,3,4,1,11,2525,1262,1.647606768528931e-05,2.9802322387695312e-08,1.6482028513564728e-05,False
31,I4L4V7,ES,5,I4L4V7_ES_slice005,745,True,3,3,4,1,11,2630,1315,8.042621630011126e-06,-1.862645149230957e-08,8.038896339712664e-06,False
31,I4L4V7,ES,6,I4L4V7_ES_slice006,746,True,3,3,4,1,10,2281,1140,2.949145346065052e-05,-1.4901161193847656e-08,2.948847395600751e-05,False
31,I4L4V7,ES,7,I4L4V7_ES_slice007,747,True,3,3,4,1,11,1945,972,3.586261300370097e-05,6.705522537231445e-08,3.587602259358391e-05,False
31,I4L4V7,ES,8,I4L4V7_ES_slice008,748,True,3,3,4,1,11,1247,623,1.2941336535732262e-05,3.3527612686157227e-08,1.2948042240168434e-05,False
31,I4L4V7,ES,9,I4L4V7_ES_slice009,749,True,3,3,4,1,11,868,434,2.6073419576277956e-05,-2.2351741790771484e-08,2.606894850032404e-05,False
31,I4L4V7,ES,10,I4L4V7_ES_slice010,750,True,3,3,4,1,11,45,22,5.756302016379777e-06,7.078051567077637e-08,5.770458301412873e-06,False
31,I4L4V7,ES,11,I4L4V7_ES_slice011,751,True,3,3,3,0,0,0,0,4.708030610345304e-05,4.635916894812908e-08,4.708957931143232e-05,False
31,I4L4V7,ES,12,I4L4V7_ES_slice012,752,True,3,3,3,0,0,0,0,4.7119905502768233e-05,-1.3245476715439963e-08,4.711725705419667e-05,False
31,I8N8Y1,ED,0,I8N8Y1_ED_slice000,753,True,3,3,3,0,0,0,0,4.7149387683020905e-05,-5.298190686175985e-08,4.7138790250755847e-05,False
31,I8N8Y1,ED,1,I8N8Y1_ED_slice001,754,True,3,3,3,0,0,0,0,4.717077172244899e-05,0.0,4.717077172244899e-05,False
31,I8N8Y1,ED,2,I8N8Y1_ED_slice002,755,True,3,3,4,1,11,1798,899,3.049865881621372e-05,-1.0803341865539551e-07,3.0477052860078402e-05,False
31,I8N8Y1,ED,3,I8N8Y1_ED_slice003,756,True,3,3,4,1,11,3035,1517,3.106604708591476e-05,-7.450580596923828e-09,3.106455551460385e-05,False
31,I8N8Y1,ED,4,I8N8Y1_ED_slice004,757,True,3,3,4,1,11,3210,1605,2.9693082979065366e-05,7.450580596923828e-09,2.969457273138687e-05,False
31,I8N8Y1,ED,5,I8N8Y1_ED_slice005,758,True,3,3,4,1,11,2951,1475,2.5332559744128957e-05,3.3527612686157227e-08,2.5339264539070427e-05,False
31,I8N8Y1,ED,6,I8N8Y1_ED_slice006,759,True,3,3,4,1,11,2759,1379,0.00027607931406237185,0.0,0.00027607931406237185,False
31,I8N8Y1,ED,7,I8N8Y1_ED_slice007,760,True,3,3,4,1,10,2360,1180,4.291534878575476e-06,1.1175870895385742e-08,4.293769961805083e-06,False
31,I8N8Y1,ED,8,I8N8Y1_ED_slice008,761,True,3,3,4,1,11,2086,1043,2.5227427613572218e-06,-1.4901161193847656e-08,2.5197625745931873e-06,False
31,I8N8Y1,ED,9,I8N8Y1_ED_slice009,762,True,3,3,4,1,11,1684,842,6.213857886905316e-06,1.043081283569336e-07,6.234719421627233e-06,False
31,I8N8Y1,ED,10,I8N8Y1_ED_slice010,763,True,3,3,4,1,11,996,498,6.831536666140892e-06,-7.450580596923828e-09,6.830046459072037e-06,False
31,I8N8Y1,ED,11,I8N8Y1_ED_slice011,764,True,3,3,4,1,11,472,236,4.746554623125121e-06,-5.960464477539063e-08,4.734633876068983e-06,False
31,I8N8Y1,ED,12,I8N8Y1_ED_slice012,765,True,3,3,3,0,0,0,0,7.221240593935363e-06,-2.6490953430879927e-08,7.215942332550185e-06,False
31,I8N8Y1,ED,13,I8N8Y1_ED_slice013,766,True,3,3,3,0,0,0,0,7.219749477371806e-06,3.311369312086754e-08,7.226372417790117e-06,False
31,I8N8Y1,ES,0,I8N8Y1_ES_slice000,767,True,3,3,3,0,0,0,0,7.217802703962661e-06,-3.311369312086754e-08,7.211179763544351e-06,False
31,I8N8Y1,ES,1,I8N8Y1_ES_slice001,768,True,3,3,3,0,0,0,0,7.217803613457363e-06,0.0,7.217803613457363e-06,False
31,I8N8Y1,ES,2,I8N8Y1_ES_slice002,769,True,3,3,3,0,0,0,0,7.215256118797697e-06,3.311369312086754e-08,7.221879059216008e-06,False
31,I8N8Y1,ES,3,I8N8Y1_ES_slice003,770,True,3,3,4,1,10,481,240,5.296144081512466e-06,-2.2351741790771484e-08,5.291673915053252e-06,False
31,I8N8Y1,ES,4,I8N8Y1_ES_slice004,771,True,3,3,4,1,11,1804,902,4.092493327334523e-06,2.60770320892334e-08,4.09770882470184e-06,False
31,I8N8Y1,ES,5,I8N8Y1_ES_slice005,772,True,3,3,4,1,11,2213,1106,1.418024749000324e-05,-2.9802322387695312e-08,1.417428666172782e-05,False
31,I8N8Y1,ES,6,I8N8Y1_ES_slice006,773,True,3,3,4,1,11,2263,1131,1.132563738792669e-05,-8.195638656616211e-08,1.1309246474411339e-05,False
31,I8N8Y1,ES,7,I8N8Y1_ES_slice007,774,True,3,3,4,1,11,1878,939,1.1046444342355244e-05,1.6763806343078613e-07,1.1079971955041401e-05,False
31,I8N8Y1,ES,8,I8N8Y1_ES_slice008,775,True,3,3,4,1,11,1607,803,1.3426574696495663e-05,6.332993507385254e-08,1.3439240319712553e-05,False
31,I8N8Y1,ES,9,I8N8Y1_ES_slice009,776,True,3,3,4,1,11,1269,634,1.596244146639947e-05,6.332993507385254e-08,1.5975107089616358e-05,False
31,I8N8Y1,ES,10,I8N8Y1_ES_slice010,777,True,3,3,4,1,11,675,337,9.086072054742544e-07,-7.82310962677002e-08,8.929609975893982e-07,False
31,I8N8Y1,ES,11,I8N8Y1_ES_slice011,778,True,3,3,4,1,11,327,163,9.047541311701934e-07,3.725290298461914e-09,9.05499177861202e-07,False
31,I8N8Y1,ES,12,I8N8Y1_ES_slice012,779,True,3,3,3,0,0,0,0,1.1242552773182979e-06,-2.6490953430879927e-08,1.1189571296199574e-06,False
31,I8N8Y1,ES,13,I8N8Y1_ES_slice013,780,True,3,3,3,0,0,0,0,1.124037567024061e-06,-3.311369312086754e-08,1.117414853979426e-06,False
31,J6M5O2,ED,0,J6M5O2_ED_slice000,781,True,3,3,3,0,0,0,0,1.125187168327102e-06,3.973643103449831e-08,1.1331344467180315e-06,False
31,J6M5O2,ED,1,J6M5O2_ED_slice001,782,True,3,3,3,0,0,0,0,1.124962523135764e-06,-5.298190686175985e-08,1.1143661140522454e-06,False
31,J6M5O2,ED,2,J6M5O2_ED_slice002,783,True,3,3,4,1,11,792,396,8.499877139911405e-07,1.1175870895385742e-08,8.522229109075852e-07,False
31,J6M5O2,ED,3,J6M5O2_ED_slice003,784,True,3,3,4,1,11,1251,625,8.640095074952114e-07,1.1920928955078125e-07,8.878513426680001e-07,False
31,J6M5O2,ED,4,J6M5O2_ED_slice004,785,True,3,3,4,1,11,1958,979,8.320591587107629e-05,4.842877388000488e-08,8.321560017066076e-05,False
31,J6M5O2,ED,5,J6M5O2_ED_slice005,786,True,3,3,4,1,11,2242,1121,0.00016338948626071215,8.568167686462402e-08,0.00016340662841685116,False
31,J6M5O2,ED,6,J6M5O2_ED_slice006,787,True,3,3,4,1,11,2699,1349,0.0008202975150197744,-4.842877388000488e-08,0.0008202878525480628,False
31,J6M5O2,ED,7,J6M5O2_ED_slice007,788,True,3,3,4,1,11,2833,1416,3.11152616632171e-05,6.332993507385254e-08,3.112792910542339e-05,False
31,J6M5O2,ED,8,J6M5O2_ED_slice008,789,True,3,3,4,1,11,1247,623,7.215108325908659e-06,4.842877388000488e-08,7.22479398973519e-06,False
31,J6M5O2,ED,9,J6M5O2_ED_slice009,790,True,3,3,4,1,11,676,338,4.098901627003215e-06,-2.2351741790771484e-08,4.094431460544001e-06,False
31,J6M5O2,ED,10,J6M5O2_ED_slice010,791,True,3,3,4,1,10,380,190,4.131572950427653e-06,5.587935447692871e-08,4.142748821323039e-06,False
31,J6M5O2,ES,0,J6M5O2_ES_slice000,792,True,3,3,3,0,0,0,0,5.481284915731521e-06,-1.3245476715439963e-08,5.478636012412608e-06,False
31,J6M5O2,ES,1,J6M5O2_ES_slice001,793,True,3,3,3,0,0,0,0,5.4186052693694364e-06,6.622738357719982e-09,5.419929948402569e-06,False
31,J6M5O2,ES,2,J6M5O2_ES_slice002,794,True,3,3,4,1,11,535,267,6.844699100838625e-07,-4.0978193283081055e-08,6.7627428279593e-07,False
31,J6M5O2,ES,3,J6M5O2_ES_slice003,795,True,3,3,4,1,11,969,484,5.554415452024841e-07,-7.450580596923828e-08,5.405403840086365e-07,False
31,J6M5O2,ES,4,J6M5O2_ES_slice004,796,True,3,3,4,1,10,1461,730,5.756109544563515e-07,5.587935447692871e-08,5.867868253517372e-07,False
31,J6M5O2,ES,5,J6M5O2_ES_slice005,797,True,3,3,4,1,11,1953,976,5.568826964008622e-07,7.450580596923828e-08,5.717838575947098e-07,False
31,J6M5O2,ES,6,J6M5O2_ES_slice006,798,True,3,3,4,1,11,2208,1104,9.774365707926336e-07,3.725290298461914e-08,9.848871513895574e-07,False
31,J6M5O2,ES,7,J6M5O2_ES_slice007,799,True,3,3,4,1,11,1166,583,1.6215431060118135e-06,0.0,1.6215431060118135e-06,False
31,J6M5O2,ES,8,J6M5O2_ES_slice008,800,True,3,3,4,1,11,378,189,8.470100510749035e-06,8.568167686462402e-08,8.48723720991984e-06,False
31,J6M5O2,ES,9,J6M5O2_ES_slice009,801,True,3,3,4,1,10,81,40,1.3900014891987666e-05,5.960464477539063e-08,1.3911935639043804e-05,False
31,J6M5O2,ES,10,J6M5O2_ES_slice010,802,True,3,3,3,0,0,0,0,1.864117439254187e-05,2.6490953430879927e-08,1.86464731086744e-05,False
31,K3P3Y6,ED,0,K3P3Y6_ED_slice000,803,True,3,3,4,1,11,412,206,1.3869496797269676e-05,5.587935447692871e-08,1.3880672668165062e-05,False
31,K3P3Y6,ED,1,K3P3Y6_ED_slice001,804,True,3,3,3,0,0,0,0,1.8627762983669527e-05,1.9868215517249155e-08,1.8631737475516275e-05,False
31,K3P3Y6,ED,2,K3P3Y6_ED_slice002,805,True,3,3,4,1,11,609,304,1.3933311493019573e-05,5.587935447692871e-08,1.3944487363914959e-05,False
31,K3P3Y6,ED,3,K3P3Y6_ED_slice003,806,True,3,3,4,1,11,914,457,4.656112935208512e-07,-1.9371509552001953e-07,4.268682687325054e-07,False
31,K3P3Y6,ED,4,K3P3Y6_ED_slice004,807,True,3,3,4,1,11,1569,784,4.5522889990934345e-07,7.450580596923828e-09,4.567190217130701e-07,False
31,K3P3Y6,ED,5,K3P3Y6_ED_slice005,808,True,3,3,4,1,10,2280,1140,9.390163882017077e-07,7.82310962677002e-08,9.54662596086564e-07,False
31,K3P3Y6,ED,6,K3P3Y6_ED_slice006,809,True,3,3,4,1,11,2556,1278,4.041027295897948e-06,-5.21540641784668e-08,4.030596301163314e-06,False
31,K3P3Y6,ED,7,K3P3Y6_ED_slice007,810,True,3,3,4,1,11,2599,1299,2.2482652639155276e-05,1.1175870895385742e-08,2.2484888177132234e-05,False
31,K3P3Y6,ED,8,K3P3Y6_ED_slice008,811,True,3,3,4,1,11,2474,1237,1.3344625585887115e-05,3.725290298461914e-09,1.3345370462047867e-05,False
31,K3P3Y6,ED,9,K3P3Y6_ED_slice009,812,True,3,3,4,1,11,684,342,9.024935934576206e-06,-1.1175870895385742e-07,9.002584192785434e-06,False
31,K3P3Y6,ED,10,K3P3Y6_ED_slice010,813,True,3,3,4,1,12,156,78,1.2683365639531985e-05,-3.725290298461914e-09,1.2682620763371233e-05,False
31,K3P3Y6,ED,11,K3P3Y6_ED_slice011,814,True,3,3,3,0,0,0,0,1.6778923964011483e-05,-7.285012060265217e-08,1.676435385888908e-05,False
31,K3P3Y6,ES,0,K3P3Y6_ES_slice000,815,True,3,3,4,1,11,269,134,1.273737052542856e-05,8.940696716308594e-08,1.2755252100760117e-05,False
31,K3P3Y6,ES,1,K3P3Y6_ES_slice001,816,True,3,3,3,0,0,0,0,9.896609299175907e-06,1.3245476715439963e-08,9.899258657242171e-06,False
31,K3P3Y6,ES,2,K3P3Y6_ES_slice002,817,True,3,3,4,1,10,341,170,1.7101108824135736e-05,-7.450580596923828e-09,1.709961907181423e-05,False
31,K3P3Y6,ES,3,K3P3Y6_ES_slice003,818,True,3,3,4,1,11,702,351,1.0440850928716827e-05,-3.3527612686157227e-08,1.0434145224280655e-05,False
31,K3P3Y6,ES,4,K3P3Y6_ES_slice004,819,True,3,3,4,1,11,1192,596,1.015147972793784e-05,7.078051567077637e-08,1.0165636012970936e-05,False
31,K3P3Y6,ES,5,K3P3Y6_ES_slice005,820,True,3,3,4,1,11,1690,845,3.1637566735298606e-06,-1.043081283569336e-07,3.142895138807944e-06,False
31,K3P3Y6,ES,6,K3P3Y6_ES_slice006,821,True,3,3,4,1,11,1894,947,9.605413652025163e-06,1.4901161193847656e-08,9.608394066162873e-06,False
31,K3P3Y6,ES,7,K3P3Y6_ES_slice007,822,True,3,3,4,1,11,1658,829,9.170696557703195e-07,-1.862645149230957e-08,9.133443654718576e-07,False
31,K3P3Y6,ES,8,K3P3Y6_ES_slice008,823,True,3,3,4,1,11,419,209,6.612368110836542e-07,4.0978193283081055e-08,6.694324383715866e-07,False
31,K3P3Y6,ES,9,K3P3Y6_ES_slice009,824,True,3,3,3,0,0,0,0,7.11699328803661e-07,-6.622738624173508e-08,6.984538458709721e-07,False
31,K3P3Y6,ES,10,K3P3Y6_ES_slice010,825,True,3,3,4,1,11,476,238,5.336357276064518e-07,9.685754776000977e-08,5.5300722578977e-07,False
31,K3P3Y6,ES,11,K3P3Y6_ES_slice011,826,True,3,3,3,0,0,0,0,1.4350323453982128e-06,-8.609559642991371e-08,1.417813223270059e-06,False
31,K5L4S1,ED,0,K5L4S1_ED_slice000,827,True,3,3,3,0,0,0,0,1.4347717751661548e-06,6.622738357719982e-09,1.4360963405124494e-06,False
31,K5L4S1,ED,1,K5L4S1_ED_slice001,828,True,3,3,4,1,11,338,169,1.075902446245891e-06,3.725290298461914e-09,1.0766475497803185e-06,False
31,K5L4S1,ED,2,K5L4S1_ED_slice002,829,True,3,3,4,1,11,874,437,3.298247520433506e-06,-1.1920928955078125e-07,3.2744055715738796e-06,False
31,K5L4S1,ED,3,K5L4S1_ED_slice003,830,True,3,3,4,1,11,1277,638,4.3118475332448725e-06,0.0,4.3118475332448725e-06,False
31,K5L4S1,ED,4,K5L4S1_ED_slice004,831,True,3,3,4,1,11,1762,881,5.020553999202093e-06,6.332993507385254e-08,5.033220077166334e-06,False
31,K5L4S1,ED,5,K5L4S1_ED_slice005,832,True,3,3,4,1,11,2188,1094,5.508403319254285e-06,7.82310962677002e-08,5.524049356608884e-06,False
31,K5L4S1,ED,6,K5L4S1_ED_slice006,833,True,3,3,4,1,11,2608,1304,6.116516942711314e-06,4.842877388000488e-08,6.126202606537845e-06,False
31,K5L4S1,ED,7,K5L4S1_ED_slice007,834,True,3,3,4,1,11,2633,1316,2.923652800745913e-06,-6.705522537231445e-08,2.91024184662092e-06,False
31,K5L4S1,ED,8,K5L4S1_ED_slice008,835,True,3,3,4,1,11,2923,1461,3.3162953059218125e-06,1.1175870895385742e-08,3.3185303891514195e-06,False
31,K5L4S1,ED,9,K5L4S1_ED_slice009,836,True,3,3,4,1,11,2245,1122,1.3373852425502264e-06,0.0,1.3373852425502264e-06,False
31,K5L4S1,ED,10,K5L4S1_ED_slice010,837,True,3,3,4,1,11,412,206,1.244091890839627e-06,-4.470348358154297e-08,1.235151216860686e-06,False
31,K5L4S1,ED,11,K5L4S1_ED_slice011,838,True,3,3,4,1,1,2,1,1.8438316828905954e-06,-7.450580596923828e-09,1.8423415895085782e-06,False
31,K5L4S1,ED,12,K5L4S1_ED_slice012,839,True,3,3,3,0,0,0,0,2.726166030697641e-06,-1.3245476715439963e-08,2.723516900005052e-06,False
31,K5L4S1,ED,13,K5L4S1_ED_slice013,840,True,3,3,3,0,0,0,0,2.7261226023256313e-06,1.9868215517249155e-08,2.7300961846776772e-06,False
31,K5L4S1,ES,0,K5L4S1_ES_slice000,841,True,3,3,3,0,0,0,0,2.7260621209279634e-06,-5.298190686175985e-08,2.7154658255312825e-06,False
31,K5L4S1,ES,1,K5L4S1_ES_slice001,842,True,3,3,3,0,0,0,0,2.7260334718448576e-06,0.0,2.7260334718448576e-06,False
31,K5L4S1,ES,2,K5L4S1_ES_slice002,843,True,3,3,4,1,11,412,206,8.27651638246607e-06,1.862645149230957e-08,8.280241672764532e-06,False
31,K5L4S1,ES,3,K5L4S1_ES_slice003,844,True,3,3,4,1,11,811,405,4.3763329813373275e-06,-4.842877388000488e-08,4.366647317510797e-06,False
31,K5L4S1,ES,4,K5L4S1_ES_slice004,845,True,3,3,4,1,11,1263,631,6.087799420129159e-07,2.9802322387695312e-08,6.147404292278225e-07,False
31,K5L4S1,ES,5,K5L4S1_ES_slice005,846,True,3,3,4,1,11,1414,707,3.6923771062902233e-07,3.725290298461914e-08,3.7668829122594616e-07,False
31,K5L4S1,ES,6,K5L4S1_ES_slice006,847,True,3,3,4,1,11,1833,916,4.102090827018401e-07,-1.1175870895385742e-07,3.878573409110686e-07,False
31,K5L4S1,ES,7,K5L4S1_ES_slice007,848,True,3,3,4,1,11,1952,976,6.117979864939116e-06,2.2351741790771484e-08,6.12245003139833e-06,False
31,K5L4S1,ES,8,K5L4S1_ES_slice008,849,True,3,3,4,1,11,1170,585,1.7889340142573928e-06,-3.725290298461914e-08,1.781483433660469e-06,False
31,K5L4S1,ES,9,K5L4S1_ES_slice009,850,True,3,3,4,1,11,442,221,2.8661070246016607e-06,3.725290298461914e-08,2.8735576051985845e-06,False
31,K5L4S1,ES,10,K5L4S1_ES_slice010,851,True,3,3,3,0,0,0,0,3.8279927139228676e-06,-5.298190686175985e-08,3.817396191152511e-06,False
31,K5L4S1,ES,11,K5L4S1_ES_slice011,852,True,3,3,4,1,11,311,155,2.8713784558931366e-06,-9.313225746154785e-08,2.852752004400827e-06,False
31,K5L4S1,ES,12,K5L4S1_ES_slice012,853,True,3,3,3,0,0,0,0,3.828719854936935e-06,1.9868215517249155e-08,3.832693437288981e-06,False
31,K5L4S1,ES,13,K5L4S1_ES_slice013,854,True,3,3,3,0,0,0,0,3.830046807706822e-06,-1.1920928955078125e-07,3.8062048588471953e-06,False
31,K5M7V5,ED,0,K5M7V5_ED_slice000,855,True,3,3,3,0,0,0,0,3.830020887107821e-06,9.271833789625816e-08,3.848564574582269e-06,False
31,K5M7V5,ED,1,K5M7V5_ED_slice001,856,True,3,3,3,0,0,0,0,3.82998950954061e-06,8.609559642991371e-08,3.847208517981926e-06,False
31,K5M7V5,ED,2,K5M7V5_ED_slice002,857,True,3,3,4,1,11,475,237,2.788803612929769e-06,-1.0803341865539551e-07,2.767196974673425e-06,False
31,K5M7V5,ED,3,K5M7V5_ED_slice003,858,True,3,3,4,1,11,417,208,4.044986326334765e-06,1.0058283805847168e-07,4.06510298489593e-06,False
31,K5M7V5,ED,4,K5M7V5_ED_slice004,859,True,3,3,4,1,11,1068,534,6.931621101102792e-06,8.568167686462402e-08,6.948757345526246e-06,False
31,K5M7V5,ED,5,K5M7V5_ED_slice005,860,True,3,3,4,1,11,1504,752,7.3798814810288604e-06,-1.4901161193847656e-08,7.3769010668911505e-06,False
31,K5M7V5,ED,6,K5M7V5_ED_slice006,861,True,3,3,4,1,11,2037,1018,8.618149877293035e-06,-1.4901161193847656e-08,8.615169463155326e-06,False
31,K5M7V5,ED,7,K5M7V5_ED_slice007,862,True,3,3,4,1,11,2665,1332,4.038885435875272e-06,-2.2351741790771484e-08,4.0344152694160584e-06,False
31,K5M7V5,ED,8,K5M7V5_ED_slice008,863,True,3,3,4,1,11,2836,1418,3.102275968558388e-06,7.450580596923828e-09,3.1037661756272428e-06,False
31,K5M7V5,ED,9,K5M7V5_ED_slice009,864,True,3,3,4,1,11,2838,1419,1.564044396218378e-05,2.2351741790771484e-08,1.5644915038137697e-05,False
31,K5M7V5,ED,10,K5M7V5_ED_slice010,865,True,3,3,4,1,10,2940,1470,3.057449794141576e-05,4.470348358154297e-08,3.058344009332359e-05,False
31,K5M7V5,ED,11,K5M7V5_ED_slice011,866,True,3,3,4,1,11,1695,847,0.00045444260467775166,-1.4901161193847656e-08,0.0004544396360870451,False
31,K5M7V5,ED,12,K5M7V5_ED_slice012,867,True,3,3,3,0,0,0,0,0.0006772425258532166,-6.622738624173508e-08,0.0006772292545065284,False
31,K5M7V5,ED,13,K5M7V5_ED_slice013,868,True,3,3,3,0,0,0,0,0.0006737547228112817,-1.1920928955078125e-07,0.0006737308576703072,False
31,K5M7V5,ES,0,K5M7V5_ES_slice000,869,True,3,3,3,0,0,0,0,0.0006686532287858427,5.298190686175985e-08,0.0006686638225801289,False
31,K5M7V5,ES,1,K5M7V5_ES_slice001,870,True,3,3,3,0,0,0,0,0.0006621672655455768,-6.622738624173508e-08,0.0006621539941988885,False
31,K5M7V5,ES,2,K5M7V5_ES_slice002,871,True,3,3,4,1,11,523,261,0.0004785960481967777,-2.9802322387695312e-08,0.00047859008191153407,False
31,K5M7V5,ES,3,K5M7V5_ES_slice003,872,True,3,3,4,1,11,674,337,3.2854491109901574e-06,4.842877388000488e-08,3.295134774816688e-06,False
31,K5M7V5,ES,4,K5M7V5_ES_slice004,873,True,3,3,4,1,11,1296,648,3.163926749039092e-06,2.2351741790771484e-08,3.1683971428719815e-06,False
31,K5M7V5,ES,5,K5M7V5_ES_slice005,874,True,3,3,4,1,11,1567,783,2.3340762709267437e-06,0.0,2.3340762709267437e-06,False
31,K5M7V5,ES,6,K5M7V5_ES_slice006,875,True,3,3,4,1,11,1674,837,3.4334007068537176e-06,-1.7881393432617188e-07,3.3976380109379534e-06,False
31,K5M7V5,ES,7,K5M7V5_ES_slice007,876,True,3,3,4,1,11,2123,1061,2.7623752885119757e-06,1.4901161193847656e-08,2.76535547527601e-06,False
31,K5M7V5,ES,8,K5M7V5_ES_slice008,877,True,3,3,4,1,10,2360,1180,6.463858426286606e-06,5.960464477539063e-08,6.475779173342744e-06,False
31,K5M7V5,ES,9,K5M7V5_ES_slice009,878,True,3,3,4,1,10,2420,1210,1.4371477163876989e-06,-4.470348358154297e-08,1.4282070424087578e-06,False
31,K5M7V5,ES,10,K5M7V5_ES_slice010,879,True,3,3,4,1,11,1519,759,5.201998760639981e-07,4.470348358154297e-08,5.291405500429391e-07,False
31,K5M7V5,ES,11,K5M7V5_ES_slice011,880,True,3,3,4,1,14,29,14,5.102582463223371e-07,-7.078051567077637e-08,4.96102131819498e-07,False
31,K5M7V5,ES,12,K5M7V5_ES_slice012,881,True,3,3,3,0,0,0,0,4.924837071484944e-07,3.311369312086754e-08,4.991064201931295e-07,False
31,K5M7V5,ES,13,K5M7V5_ES_slice013,882,True,3,3,3,0,0,0,0,4.923128358313988e-07,-1.3245476715439963e-08,4.896637619822286e-07,False
31,K7N0R7,ED,0,K7N0R7_ED_slice000,883,True,3,3,4,1,11,44,22,3.761531388590811e-07,1.4901161193847656e-08,3.791333824665344e-07,False
31,K7N0R7,ED,1,K7N0R7_ED_slice001,884,True,3,3,4,1,11,1995,997,2.5834374355326872e-06,3.725290298461914e-08,2.590888016129611e-06,False
31,K7N0R7,ED,2,K7N0R7_ED_slice002,885,True,3,3,4,1,10,3440,1720,5.673297891917173e-06,0.0,5.673297891917173e-06,False
31,K7N0R7,ED,3,K7N0R7_ED_slice003,886,True,3,3,4,1,11,3544,1772,3.2057059797807597e-06,1.862645149230957e-08,3.2094312700792216e-06,False
31,K7N0R7,ED,4,K7N0R7_ED_slice004,887,True,3,3,4,1,11,3250,1625,2.6517047899687896e-06,-1.862645149230957e-08,2.6479794996703276e-06,False
31,K7N0R7,ED,5,K7N0R7_ED_slice005,888,True,3,3,4,1,11,3196,1598,5.896834409213625e-05,2.9802322387695312e-08,5.8974303101422265e-05,False
31,K7N0R7,ED,6,K7N0R7_ED_slice006,889,True,3,3,4,1,11,2845,1422,5.943266296526417e-05,-5.587935447692871e-08,5.9421487094368786e-05,False
31,K7N0R7,ED,7,K7N0R7_ED_slice007,890,True,3,3,4,1,10,2701,1350,2.3208536731544882e-05,2.9802322387695312e-08,2.3214497559820302e-05,False
31,K7N0R7,ED,8,K7N0R7_ED_slice008,891,True,3,3,4,1,11,2178,1089,1.0767474122985732e-05,-1.1175870895385742e-08,1.0765238585008774e-05,False
31,K7N0R7,ED,9,K7N0R7_ED_slice009,892,True,3,3,4,1,11,1653,826,1.0187383026050156e-07,3.725290298461914e-08,1.0932441085742539e-07,False
31,K7N0R7,ED,10,K7N0R7_ED_slice010,893,True,3,3,4,1,10,1200,600,1.0042867870652117e-07,3.725290298461914e-08,1.07879259303445e-07,False
31,K7N0R7,ED,11,K7N0R7_ED_slice011,894,True,3,3,4,1,11,478,239,1.7717785283366538e-07,-9.313225746154785e-08,1.585514013413558e-07,False
31,K7N0R7,ED,12,K7N0R7_ED_slice012,895,True,3,3,3,0,0,0,0,2.3874227395026537e-07,1.3245476715439963e-08,2.4139137622114504e-07,False
31,K7N0R7,ED,13,K7N0R7_ED_slice013,896,True,3,3,3,0,0,0,0,2.3854275355006394e-07,3.973643103449831e-08,2.464900319409935e-07,False
31,K7N0R7,ES,0,K7N0R7_ES_slice000,897,True,3,3,3,0,0,0,0,2.3838883578264358e-07,5.298190686175985e-08,2.4898523065530753e-07,False
31,K7N0R7,ES,1,K7N0R7_ES_slice001,898,True,3,3,4,1,11,1007,503,1.766064343655671e-07,0.0,1.766064343655671e-07,False
31,K7N0R7,ES,2,K7N0R7_ES_slice002,899,True,3,3,4,1,11,2357,1178,2.26358702093421e-06,0.0,2.26358702093421e-06,False
31,K7N0R7,ES,3,K7N0R7_ES_slice003,900,True,3,3,4,1,11,3022,1511,3.8696313708896923e-07,4.0978193283081055e-08,3.9515876437690167e-07,False
31,K7N0R7,ES,4,K7N0R7_ES_slice004,901,True,3,3,4,1,11,2958,1479,4.870316274718789e-07,-1.4901161193847656e-08,4.840513838644256e-07,False
31,K7N0R7,ES,5,K7N0R7_ES_slice005,902,True,3,3,4,1,10,2880,1440,1.9954518393205944e-07,5.587935447692871e-08,2.1072105482744519e-07,False
31,K7N0R7,ES,6,K7N0R7_ES_slice006,903,True,3,3,4,1,11,2674,1337,2.469371338520432e-07,-9.313225746154785e-08,2.2831068235973362e-07,False
31,K7N0R7,ES,7,K7N0R7_ES_slice007,904,True,3,3,4,1,11,2595,1297,6.237765148853214e-08,7.078051567077637e-08,7.653375178051647e-08,False
31,K7N0R7,ES,8,K7N0R7_ES_slice008,905,True,3,3,4,1,11,2171,1085,1.4372147916219546e-06,-4.0978193283081055e-08,1.4290191074906033e-06,False
31,K7N0R7,ES,9,K7N0R7_ES_slice009,906,True,3,3,4,1,11,1615,807,1.4170791473588906e-06,7.078051567077637e-08,1.4312352050183108e-06,False
31,K7N0R7,ES,10,K7N0R7_ES_slice010,907,True,3,3,4,1,10,1101,550,1.4943331052563735e-06,1.1175870895385742e-08,1.4965683021728182e-06,False
31,K7N0R7,ES,11,K7N0R7_ES_slice011,908,True,3,3,4,1,11,277,138,1.4957300891182967e-06,1.1175870895385742e-08,1.4979652860347414e-06,False
31,K7N0R7,ES,12,K7N0R7_ES_slice012,909,True,3,3,3,0,0,0,0,1.0617171710691764e-06,3.311369312086754e-08,1.0683398841138114e-06,False
31,K7N0R7,ES,13,K7N0R7_ES_slice013,910,True,3,3,3,0,0,0,0,1.0615218570819707e-06,-6.622738624173508e-08,1.0482764309927006e-06,False
31,L5U7Y4,ED,0,L5U7Y4_ED_slice000,911,True,3,3,3,0,0,0,0,1.0613439371809363e-06,-9.934107225717526e-08,1.0414756843601936e-06,False
31,L5U7Y4,ED,1,L5U7Y4_ED_slice001,912,True,3,3,3,0,0,0,0,1.061192961060442e-06,1.1920928955078125e-07,1.0850347962332307e-06,False
31,L5U7Y4,ED,2,L5U7Y4_ED_slice002,913,True,3,3,4,1,11,2690,1345,5.767126936007116e-07,-1.1920928955078125e-07,5.528708584279229e-07,False
31,L5U7Y4,ED,3,L5U7Y4_ED_slice003,914,True,3,3,4,1,10,2801,1400,5.537784204534546e-07,1.862645149230957e-08,5.575037107519165e-07,False
31,L5U7Y4,ED,4,L5U7Y4_ED_slice004,915,True,3,3,4,1,11,2237,1118,5.089531441626605e-06,5.21540641784668e-08,5.099962436361238e-06,False
31,L5U7Y4,ED,5,L5U7Y4_ED_slice005,916,True,3,3,4,1,11,2102,1051,4.481119503907394e-06,6.332993507385254e-08,4.493785581871634e-06,False
31,L5U7Y4,ED,6,L5U7Y4_ED_slice006,917,True,3,3,4,1,11,1789,894,0.00017289488459937274,2.60770320892334e-08,0.0001729000941850245,False
31,L5U7Y4,ED,7,L5U7Y4_ED_slice007,918,True,3,3,4,1,11,1274,637,0.0001408601674484089,3.725290298461914e-09,0.00014086090959608555,False
31,L5U7Y4,ED,8,L5U7Y4_ED_slice008,919,True,3,3,4,1,11,843,421,3.16123237098509e-06,7.82310962677002e-08,3.176878635713365e-06,False
31,L5U7Y4,ED,9,L5U7Y4_ED_slice009,920,True,3,3,4,1,10,421,210,8.757349860388786e-06,3.725290298461914e-08,8.76480044098571e-06,False
31,L5U7Y4,ED,10,L5U7Y4_ED_slice010,921,True,3,3,3,0,0,0,0,3.2194407140195835e-06,3.973643103449831e-08,3.227388106097351e-06,False
31,L5U7Y4,ED,11,L5U7Y4_ED_slice011,922,True,3,3,3,0,0,0,0,3.226745320716873e-06,-1.3245476715439963e-08,3.2240961900242837e-06,False
31,L5U7Y4,ED,12,L5U7Y4_ED_slice012,923,True,3,3,3,0,0,0,0,3.233477855246747e-06,1.9868215517249155e-08,3.237451437598793e-06,False
31,L5U7Y4,ES,0,L5U7Y4_ES_slice000,924,True,3,3,3,0,0,0,0,3.239580337321968e-06,9.271833789625816e-08,3.258124024796416e-06,False
31,L5U7Y4,ES,1,L5U7Y4_ES_slice001,925,True,3,3,3,0,0,0,0,3.2451732749905204e-06,0.0,3.2451732749905204e-06,False
31,L5U7Y4,ES,2,L5U7Y4_ES_slice002,926,True,3,3,3,0,0,0,0,3.250239387853071e-06,6.622738624173508e-08,3.263484813942341e-06,False
31,L5U7Y4,ES,3,L5U7Y4_ES_slice003,927,True,3,3,4,1,11,849,424,1.5936401496219332e-06,1.862645149230957e-08,1.5973654399203951e-06,False
31,L5U7Y4,ES,4,L5U7Y4_ES_slice004,928,True,3,3,4,1,11,1829,914,1.5937489479256328e-06,4.842877388000488e-08,1.6034347254390013e-06,False
31,L5U7Y4,ES,5,L5U7Y4_ES_slice005,929,True,3,3,4,1,11,1698,849,3.5405682297096064e-07,2.9802322387695312e-08,3.600172817641578e-07,False
31,L5U7Y4,ES,6,L5U7Y4_ES_slice006,930,True,3,3,4,1,11,1368,684,4.134306266223575e-07,8.195638656616211e-08,4.2982190961993183e-07,False
31,L5U7Y4,ES,7,L5U7Y4_ES_slice007,931,True,3,3,4,1,11,989,494,4.423381483320554e-07,6.332993507385254e-08,4.550041410311678e-07,False
31,L5U7Y4,ES,8,L5U7Y4_ES_slice008,932,True,3,3,4,1,11,549,274,6.7350794097365e-07,-2.60770320892334e-08,6.682925572931708e-07,False
31,L5U7Y4,ES,9,L5U7Y4_ES_slice009,933,True,3,3,4,1,11,171,85,8.820796210784465e-06,-7.450580596923828e-09,8.819306458462961e-06,False
31,L5U7Y4,ES,10,L5U7Y4_ES_slice010,934,True,3,3,3,0,0,0,0,1.6196239812416025e-05,0.0,1.6196239812416025e-05,False
31,L5U7Y4,ES,11,L5U7Y4_ES_slice011,935,True,3,3,3,0,0,0,0,1.6195377611438744e-05,6.622738624173508e-08,1.6208623492275365e-05,False
31,L5U7Y4,ES,12,L5U7Y4_ES_slice012,936,True,3,3,3,0,0,0,0,1.6193536794162355e-05,-6.622738357719982e-09,1.6192212569876574e-05,False
31,L6T2T5,ED,0,L6T2T5_ED_slice000,937,True,3,3,3,0,0,0,0,1.6190257156267762e-05,-1.059638137235197e-07,1.616906411072705e-05,False
31,L6T2T5,ED,1,L6T2T5_ED_slice001,938,True,3,3,4,1,11,654,327,1.1953719877055846e-05,1.862645149230957e-08,1.1957445167354308e-05,False
31,L6T2T5,ED,2,L6T2T5_ED_slice002,939,True,3,3,4,1,11,1094,547,5.590019327428308e-07,-2.2351741790771484e-08,5.545315957533603e-07,False
31,L6T2T5,ED,3,L6T2T5_ED_slice003,940,True,3,3,4,1,11,3014,1507,5.572942427534144e-07,1.30385160446167e-07,5.833712748426478e-07,False
31,L6T2T5,ED,4,L6T2T5_ED_slice004,941,True,3,3,4,1,11,3003,1501,5.571430392592447e-07,-2.9802322387695312e-08,5.511825520443381e-07,False
31,L6T2T5,ED,5,L6T2T5_ED_slice005,942,True,3,3,4,1,11,2654,1327,5.569655741055612e-07,-1.862645149230957e-08,5.532402838070993e-07,False
31,L6T2T5,ED,6,L6T2T5_ED_slice006,943,True,3,3,4,1,11,1839,919,6.82711379340617e-06,4.470348358154297e-08,6.836054581071949e-06,False
31,L6T2T5,ED,7,L6T2T5_ED_slice007,944,True,3,3,4,1,11,675,337,3.6516144064080436e-07,0.0,3.6516144064080436e-07,False
31,L6T2T5,ED,8,L6T2T5_ED_slice008,945,True,3,3,3,0,0,0,0,1.6227497326326557e-05,1.9868215517249155e-08,1.6231471818173304e-05,False
31,L6T2T5,ED,9,L6T2T5_ED_slice009,946,True,3,3,3,0,0,0,0,1.6215280993492343e-05,-6.622738624173508e-08,1.620203511265572e-05,False
31,L6T2T5,ED,10,L6T2T5_ED_slice010,947,True,3,3,3,0,0,0,0,1.616347253730055e-05,0.0,1.616347253730055e-05,False
31,L6T2T5,ES,0,L6T2T5_ES_slice000,948,True,3,3,3,0,0,0,0,1.607602280273568e-05,-1.059638137235197e-07,1.6054829757194966e-05,False
31,L6T2T5,ES,1,L6T2T5_ES_slice001,949,True,3,3,4,1,11,63,31,1.3839947314409073e-05,4.842877388000488e-08,1.3849633432982955e-05,False
31,L6T2T5,ES,2,L6T2T5_ES_slice002,950,True,3,3,4,1,13,51,25,9.168808219328639e-07,-7.450580596923828e-09,9.153907285508467e-07,False
31,L6T2T5,ES,3,L6T2T5_ES_slice003,951,True,3,3,4,1,11,812,406,1.0199695452683954e-06,2.60770320892334e-08,1.0251849289488746e-06,False
31,L6T2T5,ES,4,L6T2T5_ES_slice004,952,True,3,3,4,1,11,2057,1028,1.0353043080613133e-06,-8.940696716308594e-08,1.0174229601034313e-06,False
31,L6T2T5,ES,5,L6T2T5_ES_slice005,953,True,3,3,4,1,11,1713,856,1.0334784974475042e-06,-2.60770320892334e-08,1.028263113767025e-06,False
31,L6T2T5,ES,6,L6T2T5_ES_slice006,954,True,3,3,4,1,11,1411,705,1.0792322200359195e-06,7.450580596923828e-08,1.0941333812297671e-06,False
31,L6T2T5,ES,7,L6T2T5_ES_slice007,955,True,3,3,4,1,11,651,325,4.1772364056669176e-06,7.078051567077637e-08,4.191392690700013e-06,False
31,L6T2T5,ES,8,L6T2T5_ES_slice008,956,True,3,3,3,0,0,0,0,2.5655338049546117e-06,-6.622738624173508e-08,2.5522883788653417e-06,False
31,L6T2T5,ES,9,L6T2T5_ES_slice009,957,True,3,3,3,0,0,0,0,2.5661986455816077e-06,6.622738357719982e-09,2.5675230972410645e-06,False
31,L6T2T5,ES,10,L6T2T5_ES_slice010,958,True,3,3,3,0,0,0,0,2.566534703873913e-06,-1.3245476715439963e-08,2.5638855731813237e-06,False
31,L8M2U8,ED,0,L8M2U8_ED_slice000,959,True,3,3,3,0,0,0,0,2.5667161480669165e-06,5.298190686175985e-08,2.5773124434635974e-06,False
31,L8M2U8,ED,1,L8M2U8_ED_slice001,960,True,3,3,3,0,0,0,0,2.5667786758276634e-06,6.622738357719982e-09,2.5681031274871202e-06,False
31,L8M2U8,ED,2,L8M2U8_ED_slice002,961,True,3,3,3,0,0,0,0,2.5666442979854764e-06,0.0,2.5666442979854764e-06,False
31,L8M2U8,ED,3,L8M2U8_ED_slice003,962,True,3,3,4,1,11,313,156,4.948701098328456e-05,2.2351741790771484e-08,4.949148205923848e-05,False
31,L8M2U8,ED,4,L8M2U8_ED_slice004,963,True,3,3,4,1,11,855,427,4.503804120759014e-06,6.332993507385254e-08,4.516470198723255e-06,False
31,L8M2U8,ED,5,L8M2U8_ED_slice005,964,True,3,3,4,1,11,1811,905,4.478955361264525e-06,1.043081283569336e-07,4.4998168959864415e-06,False
31,L8M2U8,ED,6,L8M2U8_ED_slice006,965,True,3,3,4,1,11,2130,1065,3.691709935083054e-06,-1.043081283569336e-07,3.6708484003611375e-06,False
31,L8M2U8,ED,7,L8M2U8_ED_slice007,966,True,3,3,4,1,11,2735,1367,3.0284093099908205e-06,3.725290298461914e-08,3.0358598905877443e-06,False
31,L8M2U8,ED,8,L8M2U8_ED_slice008,967,True,3,3,4,1,11,3142,1571,3.307244332972914e-05,7.450580596923828e-09,3.307393490104005e-05,False
31,L8M2U8,ED,9,L8M2U8_ED_slice009,968,True,3,3,4,1,11,3319,1659,4.184482168057002e-05,4.842877388000488e-08,4.18545059801545e-05,False
31,L8M2U8,ED,10,L8M2U8_ED_slice010,969,True,3,3,4,1,11,3833,1916,2.346233713979018e-06,-7.82310962677002e-08,2.330587449250743e-06,False
31,L8M2U8,ED,11,L8M2U8_ED_slice011,970,True,3,3,4,1,11,3649,1824,4.806523065781221e-06,7.078051567077637e-08,4.820679350814316e-06,False
31,L8M2U8,ED,12,L8M2U8_ED_slice012,971,True,3,3,4,1,11,684,342,3.863994152197847e-06,0.0,3.863994152197847e-06,False
31,L8M2U8,ED,13,L8M2U8_ED_slice013,972,True,3,3,3,0,0,0,0,5.5518221415695734e-06,3.973643103449831e-08,5.559769306273665e-06,False
31,L8M2U8,ES,0,L8M2U8_ES_slice000,973,True,3,3,3,0,0,0,0,5.548196440940956e-06,3.311369312086754e-08,5.554819381359266e-06,False
31,L8M2U8,ES,1,L8M2U8_ES_slice001,974,True,3,3,3,0,0,0,0,5.551158210437279e-06,5.960464477539063e-08,5.563078957493417e-06,False
31,L8M2U8,ES,2,L8M2U8_ES_slice002,975,True,3,3,3,0,0,0,0,5.548083663597936e-06,0.0,5.548083663597936e-06,False
31,L8M2U8,ES,3,L8M2U8_ES_slice003,976,True,3,3,4,1,11,438,219,7.54273014536011e-06,-2.9802322387695312e-08,7.5367697718320414e-06,False
31,L8M2U8,ES,4,L8M2U8_ES_slice004,977,True,3,3,4,1,10,821,410,3.2798375286802184e-06,-3.725290298461914e-09,3.279092425145791e-06,False
31,L8M2U8,ES,5,L8M2U8_ES_slice005,978,True,3,3,4,1,11,1402,701,4.854826329392381e-06,8.195638656616211e-08,4.871217697655084e-06,False
31,L8M2U8,ES,6,L8M2U8_ES_slice006,979,True,3,3,4,1,11,1758,879,2.108738726747106e-06,-7.450580596923828e-09,2.107248519678251e-06,False
31,L8M2U8,ES,7,L8M2U8_ES_slice007,980,True,3,3,4,1,11,2237,1118,7.021595820333459e-07,-7.450580596923828e-09,7.006694886513287e-07,False
31,L8M2U8,ES,8,L8M2U8_ES_slice008,981,True,3,3,4,1,11,2505,1252,1.318007321060577e-06,0.0,1.318007321060577e-06,False
31,L8M2U8,ES,9,L8M2U8_ES_slice009,982,True,3,3,4,1,11,2624,1312,1.7419779396732338e-06,6.332993507385254e-08,1.7546439039506367e-06,False
31,L8M2U8,ES,10,L8M2U8_ES_slice010,983,True,3,3,4,1,11,2383,1191,8.5943802332622e-06,2.9802322387695312e-08,8.60034106153762e-06,False
31,L8M2U8,ES,11,L8M2U8_ES_slice011,984,True,3,3,4,1,11,131,65,1.0318861313862726e-05,4.0978193283081055e-08,1.0327056770620402e-05,False
31,L8M2U8,ES,12,L8M2U8_ES_slice012,985,True,3,3,4,1,1,2,1,1.8048616766463965e-05,3.3527612686157227e-08,1.8055321561405435e-05,False
31,L8M2U8,ES,13,L8M2U8_ES_slice013,986,True,3,3,3,0,0,0,0,1.4284442841017153e-05,0.0,1.4284442841017153e-05,False
31,M2P5T8,ED,0,M2P5T8_ED_slice000,987,True,3,3,4,1,11,619,309,9.661029253038578e-06,-4.470348358154297e-08,9.65208892012015e-06,False
31,M2P5T8,ED,1,M2P5T8_ED_slice001,988,True,3,3,3,0,0,0,0,1.5377563613583334e-05,2.6490953430879927e-08,1.5382862329715863e-05,False
31,M2P5T8,ED,2,M2P5T8_ED_slice002,989,True,3,3,4,1,11,2683,1341,1.1453691513452213e-05,0.0,1.1453691513452213e-05,False
31,M2P5T8,ED,3,M2P5T8_ED_slice003,990,True,3,3,4,1,11,2689,1344,4.791567107531591e-07,-5.960464477539063e-08,4.672357931667648e-07,False
31,M2P5T8,ED,4,M2P5T8_ED_slice004,991,True,3,3,4,1,11,2517,1258,2.6404870823171223e-06,-7.450580596923828e-08,2.6255859211232746e-06,False
31,M2P5T8,ED,5,M2P5T8_ED_slice005,992,True,3,3,4,1,10,2061,1030,5.1236811486887746e-06,3.3527612686157227e-08,5.130386853124946e-06,False
31,M2P5T8,ED,6,M2P5T8_ED_slice006,993,True,3,3,4,1,11,1732,866,1.2808229257643688e-05,0.0,1.2808229257643688e-05,False
31,M2P5T8,ED,7,M2P5T8_ED_slice007,994,True,3,3,4,1,11,1237,618,1.6859752349773771e-06,0.0,1.6859752349773771e-06,False
31,M2P5T8,ED,8,M2P5T8_ED_slice008,995,True,3,3,4,1,11,722,361,6.77923662806279e-06,7.82310962677002e-08,6.79488266541739e-06,False
31,M2P5T8,ED,9,M2P5T8_ED_slice009,996,True,3,3,4,1,11,190,95,7.058819392113946e-06,7.450580596923828e-09,7.060309599182801e-06,False
31,M2P5T8,ED,10,M2P5T8_ED_slice010,997,True,3,3,3,0,0,0,0,9.397272151545621e-06,9.934107225717526e-08,9.417140063305851e-06,False
31,M2P5T8,ED,11,M2P5T8_ED_slice011,998,True,3,3,3,0,0,0,0,9.394595508638304e-06,6.622738357719982e-09,9.395919732924085e-06,False
31,M2P5T8,ES,0,M2P5T8_ES_slice000,999,True,3,3,3,0,0,0,0,9.390975719725247e-06,0.0,9.390975719725247e-06,False
31,M2P5T8,ES,1,M2P5T8_ES_slice001,1000,True,3,3,3,0,0,0,0,9.385145858686883e-06,2.6490953430879927e-08,9.39044366532471e-06,False
31,M2P5T8,ES,2,M2P5T8_ES_slice002,1001,True,3,3,3,0,0,0,0,9.379719813296106e-06,-6.622738624173508e-08,9.366473932459485e-06,False
31,M2P5T8,ES,3,M2P5T8_ES_slice003,1002,True,3,3,4,1,11,1395,697,1.7234661982001853e-06,4.842877388000488e-08,1.7331519757135538e-06,False
31,M2P5T8,ES,4,M2P5T8_ES_slice004,1003,True,3,3,4,1,11,1825,912,1.8118711523129605e-05,2.60770320892334e-08,1.812392656574957e-05,False
31,M2P5T8,ES,5,M2P5T8_ES_slice005,1004,True,3,3,4,1,11,1518,759,2.1900801584706642e-05,4.842877388000488e-08,2.1910487703280523e-05,False
31,M2P5T8,ES,6,M2P5T8_ES_slice006,1005,True,3,3,4,1,11,1244,622,5.254680104371801e-07,-4.842877388000488e-08,5.157822329238115e-07,False
31,M2P5T8,ES,7,M2P5T8_ES_slice007,1006,True,3,3,4,1,11,857,428,1.0540894379573729e-07,-3.3527612686157227e-08,9.870342410067678e-08,False
31,M2P5T8,ES,8,M2P5T8_ES_slice008,1007,True,3,3,4,1,11,472,236,1.0539929462538566e-07,0.0,1.0539929462538566e-07,False
31,M2P5T8,ES,9,M2P5T8_ES_slice009,1008,True,3,3,4,1,13,98,49,1.0352403023716761e-07,-1.862645149230957e-08,9.97987399387057e-08,False
31,M2P5T8,ES,10,M2P5T8_ES_slice010,1009,True,3,3,3,0,0,0,0,1.273956797831488e-07,4.635916894812908e-08,1.366675093095182e-07,False
31,M2P5T8,ES,11,M2P5T8_ES_slice011,1010,True,3,3,3,0,0,0,0,1.2735571885968966e-07,-1.1920928955078125e-07,1.0351386237061888e-07,False
31,N2O7U5,ED,0,N2O7U5_ED_slice000,1011,True,3,3,3,0,0,0,0,1.2731739218452276e-07,1.9868215517249155e-08,1.3129103137998754e-07,False
31,N2O7U5,ED,1,N2O7U5_ED_slice001,1012,True,3,3,4,1,11,202,101,9.67661080153448e-08,-9.685754776000977e-08,7.73945956211719e-08,False
31,N2O7U5,ED,2,N2O7U5_ED_slice002,1013,True,3,3,4,1,11,667,333,3.5930406738771126e-06,1.4901161193847656e-08,3.596020860641147e-06,False
31,N2O7U5,ED,3,N2O7U5_ED_slice003,1014,True,3,3,4,1,11,1655,827,3.3951987461477984e-06,2.2351741790771484e-08,3.3996691399806878e-06,False
31,N2O7U5,ED,4,N2O7U5_ED_slice004,1015,True,3,3,4,1,11,1946,973,4.440313205122948e-06,-8.568167686462402e-08,4.423176960699493e-06,False
31,N2O7U5,ED,5,N2O7U5_ED_slice005,1016,True,3,3,4,1,11,2787,1393,4.96472875965992e-06,5.21540641784668e-08,4.975159754394554e-06,False
31,N2O7U5,ED,6,N2O7U5_ED_slice006,1017,True,3,3,4,1,11,3196,1598,5.946502824372146e-06,-7.82310962677002e-08,5.930856787017547e-06,False
31,N2O7U5,ED,7,N2O7U5_ED_slice007,1018,True,3,3,4,1,11,3670,1835,7.506878318963572e-07,4.470348358154297e-08,7.596285058752983e-07,False
31,N2O7U5,ED,8,N2O7U5_ED_slice008,1019,True,3,3,4,1,11,3985,1992,4.523342340689851e-06,2.9802322387695312e-08,4.52930271421792e-06,False
31,N2O7U5,ED,9,N2O7U5_ED_slice009,1020,True,3,3,4,1,11,4288,2144,1.9844221696985187e-06,-7.450580596923828e-09,1.9829319626296638e-06,False
31,N2O7U5,ED,10,N2O7U5_ED_slice010,1021,True,3,3,4,1,11,2035,1017,1.3600515558209736e-06,7.82310962677002e-08,1.3756978205492487e-06,False
31,N2O7U5,ED,11,N2O7U5_ED_slice011,1022,True,3,3,4,1,11,1374,687,2.721196096899803e-06,3.725290298461914e-09,2.7219412004342303e-06,False
31,N2O7U5,ED,12,N2O7U5_ED_slice012,1023,True,3,3,4,1,11,778,389,2.6516918296692893e-06,3.725290298461914e-09,2.6524369332037168e-06,False
31,N2O7U5,ED,13,N2O7U5_ED_slice013,1024,True,3,3,4,1,11,510,255,1.1372162589395884e-06,-5.587935447692871e-08,1.1260403880442027e-06,False
31,N2O7U5,ES,0,N2O7U5_ES_slice000,1025,True,3,3,3,0,0,0,0,4.692646598414285e-06,5.960464477539063e-08,4.704567345470423e-06,False
31,N2O7U5,ES,1,N2O7U5_ES_slice001,1026,True,3,3,3,0,0,0,0,4.692611128120916e-06,-1.3245477248347015e-07,4.666120275942376e-06,False
31,N2O7U5,ES,2,N2O7U5_ES_slice002,1027,True,3,3,4,1,12,116,58,1.041089399222983e-05,0.0,1.041089399222983e-05,False
31,N2O7U5,ES,3,N2O7U5_ES_slice003,1028,True,3,3,4,1,11,187,93,9.611351742933039e-06,3.725290298461914e-09,9.61209661909379e-06,False
31,N2O7U5,ES,4,N2O7U5_ES_slice004,1029,True,3,3,4,1,11,1096,548,9.402573596162256e-06,-5.21540641784668e-08,9.392142601427622e-06,False
31,N2O7U5,ES,5,N2O7U5_ES_slice005,1030,True,3,3,4,1,11,2017,1008,4.398836608743295e-06,5.21540641784668e-08,4.409267603477929e-06,False
31,N2O7U5,ES,6,N2O7U5_ES_slice006,1031,True,3,3,4,1,10,2221,1110,6.1648561313631944e-06,6.705522537231445e-08,6.178267085488187e-06,False
31,N2O7U5,ES,7,N2O7U5_ES_slice007,1032,True,3,3,4,1,11,1730,865,6.051023319741944e-06,3.725290298461914e-09,6.051768195902696e-06,False
31,N2O7U5,ES,8,N2O7U5_ES_slice008,1033,True,3,3,4,1,11,1743,871,2.2647861896984978e-06,2.2351741790771484e-08,2.269256583531387e-06,False
31,N2O7U5,ES,9,N2O7U5_ES_slice009,1034,True,3,3,4,1,11,1394,697,2.0584479898388963e-06,-7.450580596923828e-09,2.0569577827700414e-06,False
31,N2O7U5,ES,10,N2O7U5_ES_slice010,1035,True,3,3,4,1,11,1293,646,1.2627730257008807e-06,1.4156103134155273e-07,1.2910852547065588e-06,False
31,N2O7U5,ES,11,N2O7U5_ES_slice011,1036,True,3,3,4,1,11,542,271,1.262712430616375e-06,0.0,1.262712430616375e-06,False
31,N2O7U5,ES,12,N2O7U5_ES_slice012,1037,True,3,3,3,0,0,0,0,1.3225823067841702e-06,1.1920928955078125e-07,1.346424141956959e-06,False
31,N2O7U5,ES,13,N2O7U5_ES_slice013,1038,True,3,3,3,0,0,0,0,1.3224905615061289e-06,0.0,1.3224905615061289e-06,False
31,N7P3T8,ED,0,N7P3T8_ED_slice000,1039,True,3,3,3,0,0,0,0,1.3223792620919994e-06,0.0,1.3223792620919994e-06,False
31,N7P3T8,ED,1,N7P3T8_ED_slice001,1040,True,3,3,3,0,0,0,0,1.3222999086792697e-06,5.298190686175985e-08,1.3328963177627884e-06,False
31,N7P3T8,ED,2,N7P3T8_ED_slice002,1041,True,3,3,4,1,11,483,241,9.916274166243966e-07,3.3527612686157227e-08,9.98332893686893e-07,False
31,N7P3T8,ED,3,N7P3T8_ED_slice003,1042,True,3,3,4,1,11,942,471,1.9968823039562267e-07,4.0978193283081055e-08,2.0788387189440982e-07,False
31,N7P3T8,ED,4,N7P3T8_ED_slice004,1043,True,3,3,4,1,10,1441,720,2.305808493474615e-06,0.0,2.305808493474615e-06,False
31,N7P3T8,ED,5,N7P3T8_ED_slice005,1044,True,3,3,4,1,11,1924,962,8.684019690008427e-07,-6.705522537231445e-08,8.549909011890122e-07,False
31,N7P3T8,ED,6,N7P3T8_ED_slice006,1045,True,3,3,4,1,11,2329,1164,3.0356866318470566e-06,3.725290298461914e-08,3.0431372124439804e-06,False
31,N7P3T8,ED,7,N7P3T8_ED_slice007,1046,True,3,3,4,1,11,2656,1328,1.5339512628997909e-06,-2.2351741790771484e-08,1.5294808690669015e-06,False
31,N7P3T8,ED,8,N7P3T8_ED_slice008,1047,True,3,3,4,1,11,2945,1472,6.225528181857953e-07,8.940696716308594e-08,6.404342229870963e-07,False
31,N7P3T8,ED,9,N7P3T8_ED_slice009,1048,True,3,3,4,1,11,2528,1264,4.113849172426853e-06,5.21540641784668e-08,4.124280167161487e-06,False
31,N7P3T8,ED,10,N7P3T8_ED_slice010,1049,True,3,3,4,1,11,2715,1357,2.0265124476281926e-06,0.0,2.0265124476281926e-06,False
31,N7P3T8,ED,11,N7P3T8_ED_slice011,1050,True,3,3,4,1,11,1037,518,9.111397957894951e-06,-2.2351741790771484e-08,9.106927791435737e-06,False
31,N7P3T8,ED,12,N7P3T8_ED_slice012,1051,True,3,3,3,0,0,0,0,2.8765960450982675e-05,1.3245476715439963e-08,2.8768608899554238e-05,False
31,N7P3T8,ED,13,N7P3T8_ED_slice013,1052,True,3,3,3,0,0,0,0,2.874633537430782e-05,-1.3245476715439963e-08,2.8743686925736256e-05,False
31,N7P3T8,ES,0,N7P3T8_ES_slice000,1053,True,3,3,3,0,0,0,0,2.870822572731413e-05,-2.6490953430879927e-08,2.87029270111816e-05,False
31,N7P3T8,ES,1,N7P3T8_ES_slice001,1054,True,3,3,3,0,0,0,0,2.8653006665990688e-05,6.622738357719982e-09,2.865433089027647e-05,False
31,N7P3T8,ES,2,N7P3T8_ES_slice002,1055,True,3,3,3,0,0,0,0,2.8570560971274972e-05,-1.3245477248347015e-07,2.854406920960173e-05,False
31,N7P3T8,ES,3,N7P3T8_ES_slice003,1056,True,3,3,4,1,11,585,292,5.199107818043558e-06,3.725290298461914e-09,5.19985269420431e-06,False
31,N7P3T8,ES,4,N7P3T8_ES_slice004,1057,True,3,3,4,1,11,819,409,1.8755306427920004e-06,0.0,1.8755306427920004e-06,False
31,N7P3T8,ES,5,N7P3T8_ES_slice005,1058,True,3,3,4,1,11,682,341,1.9575613805500325e-06,0.0,1.9575613805500325e-06,False
31,N7P3T8,ES,6,N7P3T8_ES_slice006,1059,True,3,3,4,1,10,641,320,2.0203638086968567e-06,1.4901161193847656e-08,2.023343995460891e-06,False
31,N7P3T8,ES,7,N7P3T8_ES_slice007,1060,True,3,3,4,1,10,1380,690,3.2553289202041924e-06,1.1175870895385742e-08,3.2575640034337994e-06,False
31,N7P3T8,ES,8,N7P3T8_ES_slice008,1061,True,3,3,4,1,11,1318,659,2.647681640155497e-06,-6.705522537231445e-08,2.6342706860305043e-06,False
31,N7P3T8,ES,9,N7P3T8_ES_slice009,1062,True,3,3,4,1,11,886,443,4.318857236285112e-07,0.0,4.318857236285112e-07,False
31,N7P3T8,ES,10,N7P3T8_ES_slice010,1063,True,3,3,4,1,11,806,403,7.154305308176845e-07,0.0,7.154305308176845e-07,False
31,N7P3T8,ES,11,N7P3T8_ES_slice011,1064,True,3,3,3,0,0,0,0,8.932802302297205e-07,1.059638137235197e-07,9.144729915533389e-07,False
31,N7P3T8,ES,12,N7P3T8_ES_slice012,1065,True,3,3,3,0,0,0,0,8.942956242208311e-07,5.960464477539063e-08,9.062165418072254e-07,False
31,N7P3T8,ES,13,N7P3T8_ES_slice013,1066,True,3,3,3,0,0,0,0,8.942393492361589e-07,6.622738357719982e-09,8.955639145824534e-07,False
31,N7W6Z8,ED,0,N7W6Z8_ED_slice000,1067,True,3,3,3,0,0,0,0,8.942047884374915e-07,-3.311369312086754e-08,8.875820753928565e-07,False
31,N7W6Z8,ED,1,N7W6Z8_ED_slice001,1068,True,3,3,3,0,0,0,0,8.945820013650518e-07,-1.1920928955078125e-07,8.707401661922631e-07,False
31,N7W6Z8,ED,2,N7W6Z8_ED_slice002,1069,True,3,3,4,1,11,632,316,6.763862643310858e-07,-5.21540641784668e-08,6.659554401267087e-07,False
31,N7W6Z8,ED,3,N7W6Z8_ED_slice003,1070,True,3,3,4,1,11,1697,848,6.804899612689042e-07,5.960464477539063e-08,6.924108788552985e-07,False
31,N7W6Z8,ED,4,N7W6Z8_ED_slice004,1071,True,3,3,4,1,11,1552,776,5.063246499048546e-05,5.21540641784668e-08,5.064289507572539e-05,False
31,N7W6Z8,ED,5,N7W6Z8_ED_slice005,1072,True,3,3,4,1,11,888,444,5.017610237700865e-05,2.9802322387695312e-08,5.018206138629466e-05,False
31,N7W6Z8,ED,6,N7W6Z8_ED_slice006,1073,True,3,3,4,1,11,769,384,0.000179776267032139,1.1920928955078125e-07,0.00017980010306928307,False
31,N7W6Z8,ED,7,N7W6Z8_ED_slice007,1074,True,3,3,4,1,11,104,52,0.00043240009108558297,7.078051567077637e-08,0.00043241423554718494,False
31,N7W6Z8,ED,8,N7W6Z8_ED_slice008,1075,True,3,3,4,1,5,11,5,4.036162408738164e-07,-7.450580596923828e-09,4.0212611907008977e-07,False
31,N7W6Z8,ED,9,N7W6Z8_ED_slice009,1076,True,3,3,3,0,0,0,0,7.631636123051067e-08,2.6490953430879927e-08,8.161455156141528e-08,False
31,N7W6Z8,ED,10,N7W6Z8_ED_slice010,1077,True,3,3,3,0,0,0,0,7.643907196097643e-08,0.0,7.643907196097643e-08,False
31,N7W6Z8,ES,0,N7W6Z8_ES_slice000,1078,True,3,3,3,0,0,0,0,7.636781163000705e-08,0.0,7.636781163000705e-08,False
31,N7W6Z8,ES,1,N7W6Z8_ES_slice001,1079,True,3,3,3,0,0,0,0,7.621155617698605e-08,-3.311369312086754e-08,6.95888147106416e-08,False
31,N7W6Z8,ES,2,N7W6Z8_ES_slice002,1080,True,3,3,4,1,11,322,161,5.5818695727793965e-06,-9.313225746154785e-08,5.563243121287087e-06,False
31,N7W6Z8,ES,3,N7W6Z8_ES_slice003,1081,True,3,3,4,1,11,1105,552,5.685335509042488e-06,7.450580596923828e-09,5.686825716111343e-06,False
31,N7W6Z8,ES,4,N7W6Z8_ES_slice004,1082,True,3,3,4,1,11,1072,536,1.9464828255877364e-06,1.1175870895385742e-08,1.9487179088173434e-06,False
31,N7W6Z8,ES,5,N7W6Z8_ES_slice005,1083,True,3,3,4,1,11,464,232,2.7691601189872017e-07,1.1175870895385742e-08,2.7915118039345543e-07,False
31,N7W6Z8,ES,6,N7W6Z8_ES_slice006,1084,True,3,3,4,1,11,632,316,4.616810542756866e-07,-1.862645149230957e-08,4.579557639772247e-07,False
31,N7W6Z8,ES,7,N7W6Z8_ES_slice007,1085,True,3,3,4,1,11,334,167,4.951249366058619e-07,4.0978193283081055e-08,5.033205638937943e-07,False
31,N7W6Z8,ES,8,N7W6Z8_ES_slice008,1086,True,3,3,4,1,11,194,97,7.207560770439159e-07,3.725290298461914e-08,7.282066576408397e-07,False
31,N7W6Z8,ES,9,N7W6Z8_ES_slice009,1087,True,3,3,3,0,0,0,0,9.644504643802065e-07,0.0,9.644504643802065e-07,False
31,N7W6Z8,ES,10,N7W6Z8_ES_slice010,1088,True,3,3,3,0,0,0,0,9.644647889217595e-07,0.0,9.644647889217595e-07,False
31,N9Q4T8,ED,0,N9Q4T8_ED_slice000,1089,True,3,3,4,1,14,29,14,6.771681455575163e-07,-8.940696716308594e-08,6.592867407562153e-07,False
31,N9Q4T8,ED,1,N9Q4T8_ED_slice001,1090,True,3,3,3,0,0,0,0,9.006466257233114e-07,5.298190686175985e-08,9.112430348068301e-07,False
31,N9Q4T8,ED,2,N9Q4T8_ED_slice002,1091,True,3,3,4,1,11,1225,612,1.681187677604612e-05,0.0,1.681187677604612e-05,False
31,N9Q4T8,ED,3,N9Q4T8_ED_slice003,1092,True,3,3,4,1,11,1743,871,3.6182652820571093e-06,-2.2351741790771484e-08,3.61379488822422e-06,False
31,N9Q4T8,ED,4,N9Q4T8_ED_slice004,1093,True,3,3,4,1,11,3572,1786,3.6259377793612657e-06,3.725290298461914e-09,3.626682882895693e-06,False
31,N9Q4T8,ED,5,N9Q4T8_ED_slice005,1094,True,3,3,4,1,11,3414,1707,3.871804892696673e-06,6.332993507385254e-08,3.884470970660914e-06,False
31,N9Q4T8,ED,6,N9Q4T8_ED_slice006,1095,True,3,3,4,1,11,3273,1636,3.1711765586805996e-06,0.0,3.1711765586805996e-06,False
31,N9Q4T8,ED,7,N9Q4T8_ED_slice007,1096,True,3,3,4,1,11,2629,1314,1.1894509952981025e-05,-9.685754776000977e-08,1.1875138625327963e-05,False
31,N9Q4T8,ED,8,N9Q4T8_ED_slice008,1097,True,3,3,4,1,11,2036,1018,2.6289860670658527e-06,-2.3096799850463867e-07,2.5827923764154548e-06,False
31,N9Q4T8,ED,9,N9Q4T8_ED_slice009,1098,True,3,3,4,1,11,1463,731,3.7541553865594324e-06,-7.450580596923828e-09,3.7526651794905774e-06,False
31,N9Q4T8,ED,10,N9Q4T8_ED_slice010,1099,True,3,3,4,1,11,642,321,3.6158824059384642e-06,4.470348358154297e-08,3.624823193604243e-06,False
31,N9Q4T8,ED,11,N9Q4T8_ED_slice011,1100,True,3,3,3,0,0,0,0,1.9076283933827654e-05,-5.298190686175985e-08,1.9065688320552e-05,False
31,N9Q4T8,ED,12,N9Q4T8_ED_slice012,1101,True,3,3,3,0,0,0,0,1.907499972730875e-05,6.622738624173508e-08,1.908824560814537e-05,False
31,N9Q4T8,ED,13,N9Q4T8_ED_slice013,1102,True,3,3,3,0,0,0,0,1.9074584997724742e-05,-6.622738357719982e-09,1.907326077343896e-05,False
31,N9Q4T8,ES,0,N9Q4T8_ES_slice000,1103,True,3,3,4,1,1,3,1,1.8077857021125965e-05,-2.60770320892334e-08,1.8072641978506e-05,False
31,N9Q4T8,ES,1,N9Q4T8_ES_slice001,1104,True,3,3,3,0,0,0,0,1.603758937562816e-05,-1.3245476715439963e-08,1.6034940927056596e-05,False
31,N9Q4T8,ES,2,N9Q4T8_ES_slice002,1105,True,3,3,3,0,0,0,0,1.603018790774513e-05,3.311369312086754e-08,1.603681084816344e-05,False
31,N9Q4T8,ES,3,N9Q4T8_ES_slice003,1106,True,3,3,3,0,0,0,0,1.6026513549149968e-05,-1.059638137235197e-07,1.6005320503609255e-05,False
31,N9Q4T8,ES,4,N9Q4T8_ES_slice004,1107,True,3,3,4,1,10,1501,750,4.233361323713325e-06,1.4528632164001465e-07,4.262418769940268e-06,False
31,N9Q4T8,ES,5,N9Q4T8_ES_slice005,1108,True,3,3,4,1,10,2801,1400,4.5556948862213176e-06,1.862645149230957e-08,4.5594201765197795e-06,False
31,N9Q4T8,ES,6,N9Q4T8_ES_slice006,1109,True,3,3,4,1,11,2479,1239,2.780987188089057e-06,5.587935447692871e-08,2.7921630589844426e-06,False
31,N9Q4T8,ES,7,N9Q4T8_ES_slice007,1110,True,3,3,4,1,11,2203,1101,1.797021923266584e-06,-7.450580596923828e-09,1.7955318298845668e-06,False
31,N9Q4T8,ES,8,N9Q4T8_ES_slice008,1111,True,3,3,4,1,11,1495,747,5.259637418930652e-06,0.0,5.259637418930652e-06,False
31,N9Q4T8,ES,9,N9Q4T8_ES_slice009,1112,True,3,3,4,1,11,1084,542,5.5863638408482075e-06,2.60770320892334e-08,5.591579338215524e-06,False
31,N9Q4T8,ES,10,N9Q4T8_ES_slice010,1113,True,3,3,4,1,11,649,324,5.842963673785562e-06,3.3527612686157227e-08,5.8496693782217335e-06,False
31,N9Q4T8,ES,11,N9Q4T8_ES_slice011,1114,True,3,3,4,1,1,1,1,6.8293343247205485e-06,-7.450580596923828e-09,6.8278441176516935e-06,False
31,N9Q4T8,ES,12,N9Q4T8_ES_slice012,1115,True,3,3,3,0,0,0,0,1.4914914572727866e-05,2.6490953430879927e-08,1.4920212379365694e-05,False
31,N9Q4T8,ES,13,N9Q4T8_ES_slice013,1116,True,3,3,3,0,0,0,0,1.492058981966693e-05,-1.1920928955078125e-07,1.4896748325554654e-05,False
31,O5U2U7,ED,0,O5U2U7_ED_slice000,1117,True,3,3,3,0,0,0,0,1.4920870853529777e-05,1.1258655518986416e-07,1.4943388123356272e-05,False
31,O5U2U7,ED,1,O5U2U7_ED_slice001,1118,True,3,3,3,0,0,0,0,1.4916290638211649e-05,-7.947286206899662e-08,1.4900396308803465e-05,False
31,O5U2U7,ED,2,O5U2U7_ED_slice002,1119,True,3,3,4,1,11,2378,1189,1.0124083019036334e-05,-5.21540641784668e-08,1.01136520243017e-05,False
31,O5U2U7,ED,3,O5U2U7_ED_slice003,1120,True,3,3,4,1,11,2499,1249,6.491496151284082e-06,0.0,6.491496151284082e-06,False
31,O5U2U7,ED,4,O5U2U7_ED_slice004,1121,True,3,3,4,1,11,1863,931,1.812616756069474e-05,4.0978193283081055e-08,1.8134363926947117e-05,False
31,O5U2U7,ED,5,O5U2U7_ED_slice005,1122,True,3,3,4,1,11,1558,779,0.00012176368909422308,1.862645149230957e-08,0.00012176741438452154,False
31,O5U2U7,ED,6,O5U2U7_ED_slice006,1123,True,3,3,4,1,11,1047,523,6.140323876024922e-06,1.0058283805847168e-07,6.160440534586087e-06,False
31,O5U2U7,ED,7,O5U2U7_ED_slice007,1124,True,3,3,4,1,11,535,267,4.936855475534685e-07,7.450580596923828e-09,4.951756409354857e-07,False
31,O5U2U7,ED,8,O5U2U7_ED_slice008,1125,True,3,3,4,1,11,89,44,7.576925895591557e-07,4.842877388000488e-08,7.673783670725243e-07,False
31,O5U2U7,ED,9,O5U2U7_ED_slice009,1126,True,3,3,3,0,0,0,0,7.871134357628762e-07,6.622738357719982e-09,7.884380011091707e-07,False
31,O5U2U7,ED,10,O5U2U7_ED_slice010,1127,True,3,3,3,0,0,0,0,7.869451223996293e-07,1.9868215517249155e-08,7.909187615950941e-07,False
31,O5U2U7,ES,0,O5U2U7_ES_slice000,1128,True,3,3,3,0,0,0,0,7.868148941270192e-07,1.3245476715439963e-08,7.894639679761895e-07,False
31,O5U2U7,ES,1,O5U2U7_ES_slice001,1129,True,3,3,3,0,0,0,0,7.866706255299505e-07,-7.947286206899662e-08,7.707760687480913e-07,False
31,O5U2U7,ES,2,O5U2U7_ES_slice002,1130,True,3,3,4,1,11,268,134,5.918412284700025e-07,-1.1175870895385742e-07,5.69489486679231e-07,False
31,O5U2U7,ES,3,O5U2U7_ES_slice003,1131,True,3,3,4,1,11,1134,567,4.6585714130742417e-07,-9.685754776000977e-08,4.46485643124106e-07,False
31,O5U2U7,ES,4,O5U2U7_ES_slice004,1132,True,3,3,4,1,11,1866,933,1.4605036540160654e-06,-3.725290298461914e-09,1.459758550481638e-06,False
31,O5U2U7,ES,5,O5U2U7_ES_slice005,1133,True,3,3,4,1,11,1564,782,1.6069607227109373e-06,6.705522537231445e-08,1.6203717905227677e-06,False
31,O5U2U7,ES,6,O5U2U7_ES_slice006,1134,True,3,3,4,1,11,1005,502,1.8783797486321419e-06,0.0,1.8783797486321419e-06,False
31,O5U2U7,ES,7,O5U2U7_ES_slice007,1135,True,3,3,4,1,11,707,353,1.3271971965878038e-06,-3.725290298461914e-09,1.3264520930533763e-06,False
31,O5U2U7,ES,8,O5U2U7_ES_slice008,1136,True,3,3,4,1,11,370,185,1.3921280697104521e-06,-2.9802322387695312e-08,1.3861675824955455e-06,False
31,O5U2U7,ES,9,O5U2U7_ES_slice009,1137,True,3,3,3,0,0,0,0,1.6747844711062498e-06,1.9868215517249155e-08,1.6787581671451335e-06,False
31,O5U2U7,ES,10,O5U2U7_ES_slice010,1138,True,3,3,3,0,0,0,0,1.6747760582802584e-06,6.622738624173508e-08,1.6880214843695285e-06,False
31,O7Q7U3,ED,0,O7Q7U3_ED_slice000,1139,True,3,3,3,0,0,0,0,1.6747702602515346e-06,7.285012060265217e-08,1.6893402516870992e-06,False
31,O7Q7U3,ED,1,O7Q7U3_ED_slice001,1140,True,3,3,4,1,15,58,29,1.1529610901561682e-06,0.0,1.1529610901561682e-06,False
31,O7Q7U3,ED,2,O7Q7U3_ED_slice002,1141,True,3,3,4,1,11,1034,517,1.023752133733069e-06,5.960464477539063e-08,1.0356731081628823e-06,False
31,O7Q7U3,ED,3,O7Q7U3_ED_slice003,1142,True,3,3,4,1,11,2419,1209,3.862775884044822e-06,0.0,3.862775884044822e-06,False
31,O7Q7U3,ED,4,O7Q7U3_ED_slice004,1143,True,3,3,4,1,11,2186,1093,2.4988712539197877e-06,-3.725290298461914e-08,2.491420673322864e-06,False
31,O7Q7U3,ED,5,O7Q7U3_ED_slice005,1144,True,3,3,4,1,11,1922,961,4.492795142141404e-06,-1.043081283569336e-07,4.471933607419487e-06,False
31,O7Q7U3,ED,6,O7Q7U3_ED_slice006,1145,True,3,3,4,1,11,1444,722,3.6101641853747424e-06,4.842877388000488e-08,3.619849849201273e-06,False
31,O7Q7U3,ED,7,O7Q7U3_ED_slice007,1146,True,3,3,4,1,11,890,445,2.8536735499073984e-06,3.725290298461914e-08,2.8611241305043222e-06,False
31,O7Q7U3,ED,8,O7Q7U3_ED_slice008,1147,True,3,3,4,1,11,549,274,2.8042397843819344e-06,0.0,2.8042397843819344e-06,False
31,O7Q7U3,ED,9,O7Q7U3_ED_slice009,1148,True,3,3,4,1,11,187,93,2.648554755069199e-06,-7.450580596923828e-08,2.6336535938753514e-06,False
31,O7Q7U3,ED,10,O7Q7U3_ED_slice010,1149,True,3,3,3,0,0,0,0,1.2962133268956677e-06,1.9868215517249155e-08,1.3001870229345514e-06,False
31,O7Q7U3,ED,11,O7Q7U3_ED_slice011,1150,True,3,3,3,0,0,0,0,1.2962133268956677e-06,1.3245476715439963e-08,1.2988624575882568e-06,False
31,O7Q7U3,ES,0,O7Q7U3_ES_slice000,1151,True,3,3,3,0,0,0,0,1.2961778566022986e-06,1.7881393432617188e-07,1.3319406662049005e-06,False
31,O7Q7U3,ES,1,O7Q7U3_ES_slice001,1152,True,3,3,3,0,0,0,0,1.2963693052370218e-06,0.0,1.2963693052370218e-06,False
31,O7Q7U3,ES,2,O7Q7U3_ES_slice002,1153,True,3,3,4,1,11,318,159,9.60200281951984e-07,-8.195638656616211e-08,9.43809027376119e-07,False
31,O7Q7U3,ES,3,O7Q7U3_ES_slice003,1154,True,3,3,4,1,11,777,388,1.2956275895703584e-05,2.9802322387695312e-08,1.2962236723979004e-05,False
31,O7Q7U3,ES,4,O7Q7U3_ES_slice004,1155,True,3,3,4,1,10,1441,720,1.0963392924168147e-05,-3.725290298461914e-08,1.0955942343571223e-05,False
31,O7Q7U3,ES,5,O7Q7U3_ES_slice005,1156,True,3,3,4,1,11,1332,666,2.1877980543649755e-05,-3.725290298461914e-08,2.187052996305283e-05,False
31,O7Q7U3,ES,6,O7Q7U3_ES_slice006,1157,True,3,3,4,1,11,1075,537,1.6050253179855645e-05,-1.862645149230957e-08,1.6046527889557183e-05,False
31,O7Q7U3,ES,7,O7Q7U3_ES_slice007,1158,True,3,3,4,1,11,638,319,2.256713969472912e-06,3.725290298461914e-08,2.264164550069836e-06,False
31,O7Q7U3,ES,8,O7Q7U3_ES_slice008,1159,True,3,3,4,1,11,290,145,1.7301236994171632e-06,3.725290298461914e-08,1.737574280014087e-06,False
31,O7Q7U3,ES,9,O7Q7U3_ES_slice009,1160,True,3,3,3,0,0,0,0,2.2583608370041475e-06,1.059638137235197e-07,2.279553655171185e-06,False
31,O7Q7U3,ES,10,O7Q7U3_ES_slice010,1161,True,3,3,3,0,0,0,0,2.2583649297303054e-06,0.0,2.2583649297303054e-06,False
31,O7Q7U3,ES,11,O7Q7U3_ES_slice011,1162,True,3,3,3,0,0,0,0,2.258498170704115e-06,6.622738357719982e-09,2.259822622363572e-06,False
31,P8V0Y7,ED,0,P8V0Y7_ED_slice000,1163,True,3,3,3,0,0,0,0,2.2585074930248084e-06,-1.3245476715439963e-08,2.2558583623322193e-06,False
31,P8V0Y7,ED,1,P8V0Y7_ED_slice001,1164,True,3,3,3,0,0,0,0,2.258517497466528e-06,-2.6490953430879927e-08,2.2532192360813497e-06,False
31,P8V0Y7,ED,2,P8V0Y7_ED_slice002,1165,True,3,3,3,0,0,0,0,2.2585470560443355e-06,-1.9868215517249155e-08,2.2545734736922896e-06,False
31,P8V0Y7,ED,3,P8V0Y7_ED_slice003,1166,True,3,3,4,1,11,662,331,5.31915884494083e-06,9.313225746154785e-08,5.33778529643314e-06,False
31,P8V0Y7,ED,4,P8V0Y7_ED_slice004,1167,True,3,3,4,1,11,945,472,6.507411853817757e-06,-3.725290298461914e-09,6.506666977657005e-06,False
31,P8V0Y7,ED,5,P8V0Y7_ED_slice005,1168,True,3,3,4,1,11,1126,563,5.355205303203547e-06,4.842877388000488e-08,5.364890967030078e-06,False
31,P8V0Y7,ED,6,P8V0Y7_ED_slice006,1169,True,3,3,4,1,11,1999,999,5.377438810683088e-06,0.0,5.377438810683088e-06,False
31,P8V0Y7,ED,7,P8V0Y7_ED_slice007,1170,True,3,3,4,1,11,2343,1171,5.363771379052196e-06,0.0,5.363771379052196e-06,False
31,P8V0Y7,ED,8,P8V0Y7_ED_slice008,1171,True,3,3,4,1,11,2257,1128,5.8336881920695305e-06,3.3527612686157227e-08,5.840393896505702e-06,False
31,P8V0Y7,ED,9,P8V0Y7_ED_slice009,1172,True,3,3,4,1,11,2696,1348,2.226654760306701e-05,0.0,2.226654760306701e-05,False
31,P8V0Y7,ED,10,P8V0Y7_ED_slice010,1173,True,3,3,4,1,11,2987,1493,2.2341317162499763e-05,5.960464477539063e-08,2.2353238819050603e-05,False
31,P8V0Y7,ED,11,P8V0Y7_ED_slice011,1174,True,3,3,4,1,11,1434,717,2.024082095886115e-05,0.0,2.024082095886115e-05,False
31,P8V0Y7,ED,12,P8V0Y7_ED_slice012,1175,True,3,3,4,1,11,507,253,1.986755341931712e-05,7.450580596923828e-09,1.9869043171638623e-05,False
31,P8V0Y7,ED,13,P8V0Y7_ED_slice013,1176,True,3,3,4,1,14,54,27,4.5821732783224434e-05,-7.82310962677002e-08,4.580608583637513e-05,False
31,P8V0Y7,ES,0,P8V0Y7_ES_slice000,1177,True,3,3,3,0,0,0,0,5.926161611569114e-05,9.934107225717526e-08,5.928148311795667e-05,False
31,P8V0Y7,ES,1,P8V0Y7_ES_slice001,1178,True,3,3,3,0,0,0,0,5.924654396949336e-05,-3.973643103449831e-08,5.9238594985799864e-05,False
31,P8V0Y7,ES,2,P8V0Y7_ES_slice002,1179,True,3,3,3,0,0,0,0,5.9227033489150926e-05,-1.1258655518986416e-07,5.920451440033503e-05,False
31,P8V0Y7,ES,3,P8V0Y7_ES_slice003,1180,True,3,3,4,1,11,606,303,3.571144043235108e-05,3.3527612686157227e-08,3.571814522729255e-05,False
31,P8V0Y7,ES,4,P8V0Y7_ES_slice004,1181,True,3,3,4,1,11,688,344,3.382921704542241e-06,-4.0978193283081055e-08,3.3747260204108898e-06,False
31,P8V0Y7,ES,5,P8V0Y7_ES_slice005,1182,True,3,3,4,1,11,1091,545,1.6296274907290353e-06,-8.195638656616211e-08,1.6132362361531705e-06,False
31,P8V0Y7,ES,6,P8V0Y7_ES_slice006,1183,True,3,3,4,1,11,1208,604,7.320375061681261e-07,-2.2351741790771484e-08,7.275671691786556e-07,False
31,P8V0Y7,ES,7,P8V0Y7_ES_slice007,1184,True,3,3,4,1,11,1328,664,9.153012001661409e-07,-1.341104507446289e-07,8.884791213858989e-07,False
31,P8V0Y7,ES,8,P8V0Y7_ES_slice008,1185,True,3,3,4,1,11,1585,792,5.348454124032287e-07,5.960464477539063e-08,5.46766329989623e-07,False
31,P8V0Y7,ES,9,P8V0Y7_ES_slice009,1186,True,3,3,4,1,11,1790,895,6.132918315415736e-07,3.3527612686157227e-08,6.199973654474888e-07,False
31,P8V0Y7,ES,10,P8V0Y7_ES_slice010,1187,True,3,3,4,1,11,1157,578,1.7419309870092547e-06,7.450580596923828e-09,1.743421080391272e-06,False
31,P8V0Y7,ES,11,P8V0Y7_ES_slice011,1188,True,3,3,4,1,14,55,27,3.1699380542704603e-06,-4.470348358154297e-08,3.1609972666046815e-06,False
31,P8V0Y7,ES,12,P8V0Y7_ES_slice012,1189,True,3,3,4,1,12,137,68,3.979651864938205e-06,0.0,3.979651864938205e-06,False
31,P8V0Y7,ES,13,P8V0Y7_ES_slice013,1190,True,3,3,4,1,1,3,1,3.0940325814299285e-05,-2.9802322387695312e-08,3.093436680501327e-05,False
31,Q4W5Z8,ED,0,Q4W5Z8_ED_slice000,1191,True,3,3,3,0,0,0,0,3.050976556551177e-05,1.059638137235197e-07,3.053095861105248e-05,False
31,Q4W5Z8,ED,1,Q4W5Z8_ED_slice001,1192,True,3,3,4,1,13,50,25,1.1535297744558193e-05,-5.587935447692871e-08,1.1524121873662807e-05,False
31,Q4W5Z8,ED,2,Q4W5Z8_ED_slice002,1193,True,3,3,4,1,11,2915,1457,8.175998118531425e-06,-4.470348358154297e-08,8.167057785612997e-06,False
31,Q4W5Z8,ED,3,Q4W5Z8_ED_slice003,1194,True,3,3,4,1,11,3308,1654,5.815406984766014e-05,2.9802322387695312e-08,5.8160028856946155e-05,False
31,Q4W5Z8,ED,4,Q4W5Z8_ED_slice004,1195,True,3,3,4,1,11,3237,1618,1.068210622179322e-06,5.587935447692871e-08,1.0793864930747077e-06,False
31,Q4W5Z8,ED,5,Q4W5Z8_ED_slice005,1196,True,3,3,4,1,11,2804,1402,3.8059576468185696e-07,-6.705522537231445e-08,3.6718472529173596e-07,False
31,Q4W5Z8,ED,6,Q4W5Z8_ED_slice006,1197,True,3,3,4,1,11,2344,1172,6.915649919392308e-06,5.587935447692871e-08,6.926825790287694e-06,False
31,Q4W5Z8,ED,7,Q4W5Z8_ED_slice007,1198,True,3,3,4,1,11,1922,961,6.92903995513916e-06,-1.6391277313232422e-07,6.896257218613755e-06,False
31,Q4W5Z8,ED,8,Q4W5Z8_ED_slice008,1199,True,3,3,4,1,11,1514,757,1.0042492249340285e-05,1.862645149230957e-08,1.0046217539638747e-05,False
31,Q4W5Z8,ED,9,Q4W5Z8_ED_slice009,1200,True,3,3,4,1,11,777,388,9.82693109108368e-06,-5.960464477539063e-08,9.815010344027542e-06,False
31,Q4W5Z8,ED,10,Q4W5Z8_ED_slice010,1201,True,3,3,4,1,11,503,251,4.003069079772104e-06,-2.2351741790771484e-08,3.99859891331289e-06,False
31,Q4W5Z8,ED,11,Q4W5Z8_ED_slice011,1202,True,3,3,3,0,0,0,0,5.332897671905812e-06,-1.3245476715439963e-08,5.330248768586898e-06,False
31,Q4W5Z8,ED,12,Q4W5Z8_ED_slice012,1203,True,3,3,3,0,0,0,0,5.333122771844501e-06,2.6490953430879927e-08,5.338421033229679e-06,False
31,Q4W5Z8,ED,13,Q4W5Z8_ED_slice013,1204,True,3,3,3,0,0,0,0,5.333309218258364e-06,-3.973643103449831e-08,5.325362053554272e-06,False
31,Q4W5Z8,ES,0,Q4W5Z8_ES_slice000,1205,True,3,3,3,0,0,0,0,5.330804924597032e-06,6.622738357719982e-09,5.332129603630165e-06,False
31,Q4W5Z8,ES,1,Q4W5Z8_ES_slice001,1206,True,3,3,3,0,0,0,0,5.3309204304241575e-06,3.311369312086754e-08,5.337543370842468e-06,False
31,Q4W5Z8,ES,2,Q4W5Z8_ES_slice002,1207,True,3,3,3,0,0,0,0,5.33103457200923e-06,0.0,5.33103457200923e-06,False
31,Q4W5Z8,ES,3,Q4W5Z8_ES_slice003,1208,True,3,3,4,1,11,1110,555,1.4436593573918799e-06,-5.960464477539063e-08,1.4317383829620667e-06,False
31,Q4W5Z8,ES,4,Q4W5Z8_ES_slice004,1209,True,3,3,4,1,11,2276,1138,1.3574366448665387e-06,-7.450580596923828e-09,1.3559465514845215e-06,False
31,Q4W5Z8,ES,5,Q4W5Z8_ES_slice005,1210,True,3,3,4,1,11,2222,1111,1.449795263397391e-06,-2.9802322387695312e-08,1.4438347761824843e-06,False
31,Q4W5Z8,ES,6,Q4W5Z8_ES_slice006,1211,True,3,3,4,1,10,1900,950,1.3430839089778601e-06,-2.9802322387695312e-08,1.3371234217629535e-06,False
31,Q4W5Z8,ES,7,Q4W5Z8_ES_slice007,1212,True,3,3,4,1,11,1458,729,1.5185901247605216e-05,-7.450580596923828e-09,1.5184411495283712e-05,False
31,Q4W5Z8,ES,8,Q4W5Z8_ES_slice008,1213,True,3,3,4,1,11,1088,544,1.3695334928343073e-05,8.940696716308594e-08,1.371321650367463e-05,False
31,Q4W5Z8,ES,9,Q4W5Z8_ES_slice009,1214,True,3,3,4,1,11,698,349,1.8977330000780057e-06,0.0,1.8977330000780057e-06,False
31,Q4W5Z8,ES,10,Q4W5Z8_ES_slice010,1215,True,3,3,4,1,11,332,166,1.8340355154577992e-06,-1.4901161193847656e-08,1.8310553286937647e-06,False
31,Q4W5Z8,ES,11,Q4W5Z8_ES_slice011,1216,True,3,3,3,0,0,0,0,2.4185671918530716e-06,-3.311369312086754e-08,2.4119444788084365e-06,False
31,Q4W5Z8,ES,12,Q4W5Z8_ES_slice012,1217,True,3,3,3,0,0,0,0,2.418566964479396e-06,-6.622738624173508e-08,2.405321538390126e-06,False
31,Q4W5Z8,ES,13,Q4W5Z8_ES_slice013,1218,True,3,3,3,0,0,0,0,2.418565827611019e-06,2.6490953430879927e-08,2.423864088996197e-06,False
31,R3V5W7,ED,0,R3V5W7_ED_slice000,1219,True,3,3,3,0,0,0,0,2.4185651454899926e-06,-1.4570024120530434e-07,2.3894251626188634e-06,False
31,R3V5W7,ED,1,R3V5W7_ED_slice001,1220,True,3,3,3,0,0,0,0,2.41856378124794e-06,-3.973643103449831e-08,2.4106163891701726e-06,False
31,R3V5W7,ED,2,R3V5W7_ED_slice002,1221,True,3,3,4,1,11,809,404,1.8139047597287572e-06,-7.450580596923828e-09,1.81241466634674e-06,False
31,R3V5W7,ED,3,R3V5W7_ED_slice003,1222,True,3,3,4,1,11,3117,1558,1.812152504498954e-06,-2.60770320892334e-08,1.8069371208184748e-06,False
31,R3V5W7,ED,4,R3V5W7_ED_slice004,1223,True,3,3,4,1,11,3062,1531,1.5725993307569297e-07,1.862645149230957e-08,1.6098522337415488e-07,False
31,R3V5W7,ED,5,R3V5W7_ED_slice005,1224,True,3,3,4,1,11,2613,1306,5.530696398636792e-07,6.332993507385254e-08,5.657356041410821e-07,False
31,R3V5W7,ED,6,R3V5W7_ED_slice006,1225,True,3,3,4,1,11,2158,1079,3.931696426207054e-07,-4.470348358154297e-08,3.8422894022005494e-07,False
31,R3V5W7,ED,7,R3V5W7_ED_slice007,1226,True,3,3,4,1,10,1721,860,4.050680502132309e-07,-9.685754776000977e-08,3.856965520299127e-07,False
31,R3V5W7,ED,8,R3V5W7_ED_slice008,1227,True,3,3,4,1,11,1235,617,5.131595912644116e-07,2.9802322387695312e-08,5.191200784793182e-07,False
31,R3V5W7,ED,9,R3V5W7_ED_slice009,1228,True,3,3,4,1,11,659,329,8.46619570893381e-07,3.725290298461914e-09,8.473646175843896e-07,False
31,R3V5W7,ED,10,R3V5W7_ED_slice010,1229,True,3,3,3,0,0,0,0,1.4204554645402823e-05,4.635916894812908e-08,1.4213826034392696e-05,False
31,R3V5W7,ED,11,R3V5W7_ED_slice011,1230,True,3,3,3,0,0,0,0,1.4205372281139717e-05,0.0,1.4205372281139717e-05,False
31,R3V5W7,ES,0,R3V5W7_ES_slice000,1231,True,3,3,3,0,0,0,0,1.4204661965777632e-05,0.0,1.4204661965777632e-05,False
31,R3V5W7,ES,1,R3V5W7_ES_slice001,1232,True,3,3,3,0,0,0,0,1.4204171748133376e-05,6.622738357719982e-09,1.4205495972419158e-05,False
31,R3V5W7,ES,2,R3V5W7_ES_slice002,1233,True,3,3,4,1,11,44,22,8.025503120734356e-06,1.1548399925231934e-07,8.04859973868588e-06,False
31,R3V5W7,ES,3,R3V5W7_ES_slice003,1234,True,3,3,4,1,11,1233,616,3.1793274501978885e-06,-3.725290298461914e-09,3.178582346663461e-06,False
31,R3V5W7,ES,4,R3V5W7_ES_slice004,1235,True,3,3,4,1,10,2261,1130,5.222156687523238e-06,3.725290298461914e-09,5.22290156368399e-06,False
31,R3V5W7,ES,5,R3V5W7_ES_slice005,1236,True,3,3,4,1,11,2086,1043,9.790304829948582e-06,-5.960464477539063e-08,9.778384082892444e-06,False
31,R3V5W7,ES,6,R3V5W7_ES_slice006,1237,True,3,3,4,1,10,1821,910,2.261670488223899e-06,3.3527612686157227e-08,2.2683759652863955e-06,False
31,R3V5W7,ES,7,R3V5W7_ES_slice007,1238,True,3,3,4,1,11,1514,757,1.147078819485614e-05,1.862645149230957e-08,1.1474513485154603e-05,False
31,R3V5W7,ES,8,R3V5W7_ES_slice008,1239,True,3,3,4,1,11,1113,556,4.972983447260049e-07,8.940696716308594e-08,5.151797495273058e-07,False
31,R3V5W7,ES,9,R3V5W7_ES_slice009,1240,True,3,3,4,1,11,706,353,4.279086169844959e-07,7.82310962677002e-08,4.4355482486935216e-07,False
31,R3V5W7,ES,10,R3V5W7_ES_slice010,1241,True,3,3,3,0,0,0,0,5.768525852545281e-07,-2.6490953430879927e-08,5.715543807127688e-07,False
31,R3V5W7,ES,11,R3V5W7_ES_slice011,1242,True,3,3,3,0,0,0,0,5.768405344497296e-07,-2.6490953430879927e-08,5.715423299079703e-07,False
31,T2Z1Z9,ED,0,T2Z1Z9_ED_slice000,1243,True,3,3,3,0,0,0,0,5.76827289933135e-07,-3.973643103449831e-08,5.688800115422055e-07,False
31,T2Z1Z9,ED,1,T2Z1Z9_ED_slice001,1244,True,3,3,4,1,11,733,366,4.327946498960955e-07,0.0,4.327946498960955e-07,False
31,T2Z1Z9,ED,2,T2Z1Z9_ED_slice002,1245,True,3,3,4,1,11,2602,1301,4.327926887981448e-07,5.587935447692871e-08,4.4396855969353055e-07,False
31,T2Z1Z9,ED,3,T2Z1Z9_ED_slice003,1246,True,3,3,4,1,11,2742,1371,6.1769078456563875e-06,0.0,6.1769078456563875e-06,False
31,T2Z1Z9,ED,4,T2Z1Z9_ED_slice004,1247,True,3,3,4,1,11,2824,1412,1.0611234756652266e-05,7.450580596923828e-09,1.061272450897377e-05,False
31,T2Z1Z9,ED,5,T2Z1Z9_ED_slice005,1248,True,3,3,4,1,11,1919,959,1.6061520000221208e-05,0.0,1.6061520000221208e-05,False
31,T2Z1Z9,ED,6,T2Z1Z9_ED_slice006,1249,True,3,3,4,1,11,864,432,1.571271582179179e-06,2.9802322387695312e-08,1.5772320693940856e-06,False
31,T2Z1Z9,ED,7,T2Z1Z9_ED_slice007,1250,True,3,3,4,1,11,869,434,4.483260056531435e-07,1.1175870895385742e-08,4.5056117414787877e-07,False
31,T2Z1Z9,ED,8,T2Z1Z9_ED_slice008,1251,True,3,3,3,0,0,0,0,5.290166882332414e-07,1.9868215517249155e-08,5.329903274287062e-07,False
31,T2Z1Z9,ED,9,T2Z1Z9_ED_slice009,1252,True,3,3,3,0,0,0,0,5.290140734359738e-07,1.9868215517249155e-08,5.329877126314386e-07,False
31,T2Z1Z9,ED,10,T2Z1Z9_ED_slice010,1253,True,3,3,3,0,0,0,0,5.290101512400724e-07,6.622738357719982e-09,5.30334716586367e-07,False
31,T2Z1Z9,ED,11,T2Z1Z9_ED_slice011,1254,True,3,3,3,0,0,0,0,5.290066837915219e-07,9.934107225717526e-08,5.488748797688459e-07,False
31,T2Z1Z9,ES,0,T2Z1Z9_ES_slice000,1255,True,3,3,3,0,0,0,0,5.290026479087828e-07,3.311369312086754e-08,5.356253609534178e-07,False
31,T2Z1Z9,ES,1,T2Z1Z9_ES_slice001,1256,True,3,3,3,0,0,0,0,5.289978162181797e-07,7.285012060265217e-08,5.435678644971631e-07,False
31,T2Z1Z9,ES,2,T2Z1Z9_ES_slice002,1257,True,3,3,4,1,11,67,33,3.9778413452040695e-07,8.195638656616211e-08,4.1417541751798126e-07,False
31,T2Z1Z9,ES,3,T2Z1Z9_ES_slice003,1258,True,3,3,4,1,11,1848,924,1.084137466023094e-06,-1.4901161193847656e-08,1.0811572792590596e-06,False
31,T2Z1Z9,ES,4,T2Z1Z9_ES_slice004,1259,True,3,3,4,1,11,2266,1133,9.13926953671762e-07,0.0,9.13926953671762e-07,False
31,T2Z1Z9,ES,5,T2Z1Z9_ES_slice005,1260,True,3,3,4,1,11,1429,714,3.5111165743728634e-06,-6.332993507385254e-08,3.4984504964086227e-06,False
31,T2Z1Z9,ES,6,T2Z1Z9_ES_slice006,1261,True,3,3,4,1,10,60,30,3.5859818581229774e-06,3.725290298461914e-09,3.586726961657405e-06,False
31,T2Z1Z9,ES,7,T2Z1Z9_ES_slice007,1262,True,3,3,4,1,11,66,33,3.5290011055622017e-06,-5.21540641784668e-08,3.5185703382012434e-06,False
31,T2Z1Z9,ES,8,T2Z1Z9_ES_slice008,1263,True,3,3,3,0,0,0,0,5.225546374276746e-06,0.0,5.225546374276746e-06,False
31,T2Z1Z9,ES,9,T2Z1Z9_ES_slice009,1264,True,3,3,3,0,0,0,0,5.225155746302335e-06,1.3245476715439963e-08,5.227804649621248e-06,False
31,T2Z1Z9,ES,10,T2Z1Z9_ES_slice010,1265,True,3,3,3,0,0,0,0,5.224577762419358e-06,7.285012060265217e-08,5.23914786754176e-06,False
31,T2Z1Z9,ES,11,T2Z1Z9_ES_slice011,1266,True,3,3,3,0,0,0,0,5.224488631938584e-06,7.947286206899662e-08,5.240383416094119e-06,False
